<?xml version="1.0" encoding="ISO-8859-1"?>
<!-- XML generated by UTFXML Version 2.2 built 19-Aug-2010 -->
<UTFXML filename="ge_mine_dropper.3db" path="EQUIPMENT\MODELS\WEAPONS">
   <UTF_ROOT>
      <VMeshLibrary>
         <data.equipment.models.weapons.ge_mine_dropper.lod0-112.vms include="ge_mine_dropper_3db\lod0-112.vms.xml"/>
         <data.equipment.models.weapons.ge_mine_dropper.lod1-112.vms include="ge_mine_dropper_3db\lod1-112.vms.xml"/>
      </VMeshLibrary>
      <Exporter_Version name="Exporter Version" type="text">Jun 10 2002 16:27:11</Exporter_Version>
      <Hardpoints>
         <Fixed>
            <HpFire01>
               <Orientation type="Matrix">
                   -1.0000000000, -87.422698e-09, -87.422734e-09,
                  -87.422706e-09,   1.0000000000,  89.406910e-09,
                   87.422727e-09,  89.406917e-09,  -1.0000000000
               </Orientation>
               <Position type="Vector">-586.57426e-6, -0.17308259, 0.81151479</Position>
            </HpFire01>
            <HpMount>
               <Orientation type="Matrix">
                    1.0000000000,  947.30841e-18, -2.6053999e-15,
                  -947.30841e-18,   1.0000000000,  1.4054864e-15,
                   2.6053999e-15, -1.4054864e-15,   1.0000000000
               </Orientation>
               <Position type="Vector">167.95172e-6, -0.45455432, 0.0036494005</Position>
            </HpMount>
         </Fixed>
         <Revolute>
            <HpConnect>
               <Axis type="Vector">0, 1, 0</Axis>
               <Max type="float">0.26179001</Max>
               <Min type="float">-0.2618</Min>
               <Orientation type="Matrix">
                    1.0000000000,  947.30841e-18, -31.027108e-15,
                  -947.30841e-18,   1.0000000000,  1.4054853e-15,
                   31.027108e-15, -1.4054853e-15,   1.0000000000
               </Orientation>
               <Position type="Vector">167.95237e-6, -0.45537892, 451.73048e-6</Position>
            </HpConnect>
         </Revolute>
      </Hardpoints>
      <VMeshWire include="ge_mine_dropper_3db\ge_mine_dropper.vwd.xml"/>
      <MultiLevel>
         <Level0>
            <VMeshPart>
               <VMeshRef type="VMeshRef">
                  <!-- header size  --> 60,
                  <!-- vmesh lib    --> data.equipment.models.weapons.ge_mine_dropper.lod0-112.vms,
                  <!-- start vert   --> 0,
                  <!-- num verts    --> 428,
                  <!-- start index  --> 0,
                  <!-- num indices  --> 480,
                  <!-- start mesh   --> 0,
                  <!-- num meshes   --> 5,
                  <!-- bounding box -->  0.59973067,   0.45319688,   0.88363296,
                                        -0.59973043,  -0.45319682,  -0.88363308,
                  <!-- center       -->  0.011442313,  0.004730796,  0.014881591,
                  <!-- radius       --> 0.94135886
               </VMeshRef>
            </VMeshPart>
         </Level0>
         <Level1>
            <VMeshPart>
               <VMeshRef type="VMeshRef">
                  <!-- header size  --> 60,
                  <!-- vmesh lib    --> data.equipment.models.weapons.ge_mine_dropper.lod1-112.vms,
                  <!-- start vert   --> 0,
                  <!-- num verts    --> 240,
                  <!-- start index  --> 0,
                  <!-- num indices  --> 240,
                  <!-- start mesh   --> 0,
                  <!-- num meshes   --> 4,
                  <!-- bounding box -->  0.59973067,   0.45319688,   0.88363296,
                                        -0.59973043,  -0.45319682,  -0.88363308,
                  <!-- center       -->  0.011442313,  0.004730796,  0.014881591,
                  <!-- radius       --> 0.94135886
               </VMeshRef>
            </VMeshPart>
         </Level1>
         <Switch2 type="float array" count="3">
            0,
            100,
            1000000
         </Switch2>
      </MultiLevel>
   </UTF_ROOT>
</UTFXML>
