<?xml version="1.0" encoding="ISO-8859-1"?>
<!-- XML generated by UTFXML Version 2.2 built 19-Aug-2010 -->
<UTFXML filename="rh_seeker_missile.3db" path="EQUIPMENT\MODELS\WEAPONS">
   <UTF_ROOT>
      <VMeshLibrary>
         <data.equipment.models.weapons.rh_seeker_missile.lod0-112.vms include="rh_seeker_missile_3db\lod0-112.vms.xml"/>
         <data.equipment.models.weapons.rh_seeker_missile.lod1-112.vms include="rh_seeker_missile_3db\lod1-112.vms.xml"/>
      </VMeshLibrary>
      <Exporter_Version name="Exporter Version" type="text">Aug 24 2002 12:33:14</Exporter_Version>
      <Hardpoints>
         <Fixed>
            <HpMount>
               <Orientation type="Matrix">
                    1.0000000000,  947.31222e-18,  947.31212e-18,
                  -947.31222e-18,   1.0000000000,  1.6420285e-15,
                  -947.31212e-18, -1.6420285e-15,   1.0000000000
               </Orientation>
               <Position type="Vector">957.21384e-9, 0.0020526291, -0.0047294525</Position>
            </HpMount>
         </Fixed>
         <Revolute>
            <HpExhaust>
               <Axis type="Vector">0, 1, 0</Axis>
               <Max type="float">6.2831855</Max>
               <Min type="float">-6.2831855</Min>
               <Orientation type="Matrix">
                    1.0000000000,  4.5000260e-15, -2.6054016e-15,
                  -4.5000260e-15,   1.0000000000,  1.6420283e-15,
                   2.6054016e-15, -1.6420283e-15,   1.0000000000
               </Orientation>
               <Position type="Vector">507.39465e-9, -0.002212865, 0.60910362</Position>
            </HpExhaust>
         </Revolute>
      </Hardpoints>
      <VMeshWire include="rh_seeker_missile_3db\rh_seeker_missile.vwd.xml"/>
      <MultiLevel>
         <Level0>
            <VMeshPart>
               <VMeshRef type="VMeshRef">
                  <!-- header size  --> 60,
                  <!-- vmesh lib    --> data.equipment.models.weapons.rh_seeker_missile.lod0-112.vms,
                  <!-- start vert   --> 0,
                  <!-- num verts    --> 344,
                  <!-- start index  --> 0,
                  <!-- num indices  --> 420,
                  <!-- start mesh   --> 0,
                  <!-- num meshes   --> 2,
                  <!-- bounding box -->   0.098873802,   0.15371767,  0.60910356,
                                         -0.098874263,  -0.15371808, -0.6246022,
                  <!-- center       --> 109.73261e-6,  108.69192e-6, -0.0062824846,
                  <!-- radius       --> 0.61986184
               </VMeshRef>
            </VMeshPart>
         </Level0>
         <Level1>
            <VMeshPart>
               <VMeshRef type="VMeshRef">
                  <!-- header size  --> 60,
                  <!-- vmesh lib    --> data.equipment.models.weapons.rh_seeker_missile.lod1-112.vms,
                  <!-- start vert   --> 0,
                  <!-- num verts    --> 152,
                  <!-- start index  --> 0,
                  <!-- num indices  --> 156,
                  <!-- start mesh   --> 0,
                  <!-- num meshes   --> 2,
                  <!-- bounding box -->   0.098873802,   0.15371767,  0.60910356,
                                         -0.098874263,  -0.15371808, -0.6246022,
                  <!-- center       --> 109.73261e-6,  108.69192e-6, -0.0062824846,
                  <!-- radius       --> 0.61986184
               </VMeshRef>
            </VMeshPart>
         </Level1>
         <Switch2 type="float array" count="3">
            0,
            100,
            1000000
         </Switch2>
      </MultiLevel>
   </UTF_ROOT>
</UTFXML>
