<?xml version="1.0" encoding="ISO-8859-1"?>
<!-- XML generated by UTFXML Version 2.2 built 19-Aug-2010 -->
<UTFXML filename="li_01_manhattan_pad.3db" path="BASES\LIBERTY">
   <UTF_ROOT>
      <VMeshLibrary>
         <data.bases.liberty.li_01_manhattan_pad.lod0-212.vms include="li_01_manhattan_pad_3db\lod0-212.vms.xml"/>
      </VMeshLibrary>
      <Exporter_Version name="Exporter Version" type="text">Aug 25 2001 19:39:00</Exporter_Version>
      <VMeshPart>
         <VMeshRef type="VMeshRef">
            <!-- header size  --> 60,
            <!-- vmesh lib    --> data.bases.liberty.li_01_manhattan_pad.lod0-212.vms,
            <!-- start vert   --> 0,
            <!-- num verts    --> 615,
            <!-- start index  --> 0,
            <!-- num indices  --> 1098,
            <!-- start mesh   --> 0,
            <!-- num meshes   --> 7,
            <!-- bounding box --> 149.91867,    8.099144,  103.85096,
                                  -70.98127,  -33.028988, -150.47002,
            <!-- center       -->  38.924183, -12.415191,  -23.091516,
            <!-- radius       --> 129.76263
         </VMeshRef>
      </VMeshPart>
      <Hardpoints>
         <Fixed>
            <HpCityad01>
               <Position type="Vector">658.5639, -68.19178, -1038.3984</Position>
               <Orientation type="Matrix">
                    0.9991375200,  -0.0409057920,  -0.0071351416,
                    0.0410381260,   0.9989671100,   0.0195078270,
                    0.0063297888,  -0.0197838150,   0.9997842300
               </Orientation>
            </HpCityad01>
            <HpLightB01>
               <Position type="Vector">59.593777, 0.055851448, -121.69817</Position>
               <Orientation type="Matrix">
                    0.9305068300,  -0.0310988630,  -0.3649519400,
                    0.0410380850,   0.9989671100,   0.0195079820,
                    0.3639683100,  -0.0331292380,   0.9308219600
               </Orientation>
            </HpLightB01>
            <HpLightB02>
               <Position type="Vector">56.416576, 0.081486508, -116.61362</Position>
               <Orientation type="Matrix">
                    0.9305068300,  -0.0310988630,  -0.3649519400,
                    0.0410380850,   0.9989671100,   0.0195079820,
                    0.3639683100,  -0.0331292380,   0.9308219600
               </Orientation>
            </HpLightB02>
            <HpLightB03>
               <Position type="Vector">53.138245, 0.10632811, -111.36713</Position>
               <Orientation type="Matrix">
                    0.9305068300,  -0.0310988630,  -0.3649519400,
                    0.0410380850,   0.9989671100,   0.0195079820,
                    0.3639683100,  -0.0331292380,   0.9308219600
               </Orientation>
            </HpLightB03>
            <HpLightB04>
               <Position type="Vector">49.993862, 0.13251249, -106.33512</Position>
               <Orientation type="Matrix">
                    0.9305068300,  -0.0310988630,  -0.3649519400,
                    0.0410380850,   0.9989671100,   0.0195079820,
                    0.3639683100,  -0.0331292380,   0.9308219600
               </Orientation>
            </HpLightB04>
            <HpLightB05>
               <Position type="Vector">46.829094, 0.15607235, -101.27044</Position>
               <Orientation type="Matrix">
                    0.9305068300,  -0.0310988630,  -0.3649519400,
                    0.0410380850,   0.9989671100,   0.0195079820,
                    0.3639683100,  -0.0331292380,   0.9308219600
               </Orientation>
            </HpLightB05>
            <HpLightB06>
               <Position type="Vector">43.645981, 0.18195155, -96.176338</Position>
               <Orientation type="Matrix">
                    0.9305068300,  -0.0310988630,  -0.3649519400,
                    0.0410380850,   0.9989671100,   0.0195079820,
                    0.3639683100,  -0.0331292380,   0.9308219600
               </Orientation>
            </HpLightB06>
            <HpLightB07>
               <Position type="Vector">40.446819, 0.2049621, -91.056633</Position>
               <Orientation type="Matrix">
                    0.9305068300,  -0.0310988630,  -0.3649519400,
                    0.0410380850,   0.9989671100,   0.0195079820,
                    0.3639683100,  -0.0331292380,   0.9308219600
               </Orientation>
            </HpLightB07>
            <HpLightB08>
               <Position type="Vector">35.554947, 0.24042398, -83.227966</Position>
               <Orientation type="Matrix">
                    0.9305068300,  -0.0310988630,  -0.3649519400,
                    0.0410380850,   0.9989671100,   0.0195079820,
                    0.3639683100,  -0.0331292380,   0.9308219600
               </Orientation>
            </HpLightB08>
            <HpLightB09>
               <Position type="Vector">32.443211, 0.25554574, -78.248177</Position>
               <Orientation type="Matrix">
                    0.9305068300,  -0.0310988630,  -0.3649519400,
                    0.0410380850,   0.9989671100,   0.0195079820,
                    0.3639683100,  -0.0331292380,   0.9308219600
               </Orientation>
            </HpLightB09>
            <HpLightB10>
               <Position type="Vector">29.331713, 0.27165928, -73.268745</Position>
               <Orientation type="Matrix">
                    0.9305068300,  -0.0310988630,  -0.3649519400,
                    0.0410380850,   0.9989671100,   0.0195079820,
                    0.3639683100,  -0.0331292380,   0.9308219600
               </Orientation>
            </HpLightB10>
            <HpLightB11>
               <Position type="Vector">26.241226, 0.28514835, -68.32296</Position>
               <Orientation type="Matrix">
                    0.9305068300,  -0.0310988630,  -0.3649519400,
                    0.0410380850,   0.9989671100,   0.0195079820,
                    0.3639683100,  -0.0331292380,   0.9308219600
               </Orientation>
            </HpLightB11>
            <HpLightB12>
               <Position type="Vector">23.110052, 0.3002243, -63.312061</Position>
               <Orientation type="Matrix">
                    0.9305068300,  -0.0310988630,  -0.3649519400,
                    0.0410380850,   0.9989671100,   0.0195079820,
                    0.3639683100,  -0.0331292380,   0.9308219600
               </Orientation>
            </HpLightB12>
            <HpLightB13>
               <Position type="Vector">20.006084, 0.31774169, -58.34462</Position>
               <Orientation type="Matrix">
                    0.9305068300,  -0.0310988630,  -0.3649519400,
                    0.0410380850,   0.9989671100,   0.0195079820,
                    0.3639683100,  -0.0331292380,   0.9308219600
               </Orientation>
            </HpLightB13>
            <HpLightB14>
               <Position type="Vector">16.819887, 0.33849394, -53.245609</Position>
               <Orientation type="Matrix">
                    0.9305068300,  -0.0310988630,  -0.3649519400,
                    0.0410380850,   0.9989671100,   0.0195079820,
                    0.3639683100,  -0.0331292380,   0.9308219600
               </Orientation>
            </HpLightB14>
            <HpLightB15>
               <Position type="Vector">12.494343, 0.36559394, -46.323349</Position>
               <Orientation type="Matrix">
                    0.9305068300,  -0.0310988630,  -0.3649519400,
                    0.0410380850,   0.9989671100,   0.0195079820,
                    0.3639683100,  -0.0331292380,   0.9308219600
               </Orientation>
            </HpLightB15>
            <HpLightB16>
               <Position type="Vector">9.5681238, 0.36632663, -41.640392</Position>
               <Orientation type="Matrix">
                    0.9305068300,  -0.0310988630,  -0.3649519400,
                    0.0410380850,   0.9989671100,   0.0195079820,
                    0.3639683100,  -0.0331292380,   0.9308219600
               </Orientation>
            </HpLightB16>
            <HpLightB17>
               <Position type="Vector">6.5006599, 0.3956238, -36.731392</Position>
               <Orientation type="Matrix">
                    0.9305068300,  -0.0310988630,  -0.3649519400,
                    0.0410380850,   0.9989671100,   0.0195079820,
                    0.3639683100,  -0.0331292380,   0.9308219600
               </Orientation>
            </HpLightB17>
            <HpLightB18>
               <Position type="Vector">3.5151937, 0.40429106, -31.953678</Position>
               <Orientation type="Matrix">
                    0.9305068300,  -0.0310988630,  -0.3649519400,
                    0.0410380850,   0.9989671100,   0.0195079820,
                    0.3639683100,  -0.0331292380,   0.9308219600
               </Orientation>
            </HpLightB18>
            <HpLightB19>
               <Position type="Vector">0.61850435, 0.40697688, -27.317976</Position>
               <Orientation type="Matrix">
                    0.9305068300,  -0.0310988630,  -0.3649519400,
                    0.0410380850,   0.9989671100,   0.0195079820,
                    0.3639683100,  -0.0331292380,   0.9308219600
               </Orientation>
            </HpLightB19>
            <HpLightB20>
               <Position type="Vector">-2.4099274, 0.41796347, -22.471531</Position>
               <Orientation type="Matrix">
                    0.9305068300,  -0.0310988630,  -0.3649519400,
                    0.0410380850,   0.9989671100,   0.0195079820,
                    0.3639683100,  -0.0331292380,   0.9308219600
               </Orientation>
            </HpLightB20>
            <HpLightB21>
               <Position type="Vector">-5.778039, 0.46502191, -17.081425</Position>
               <Orientation type="Matrix">
                    0.9305068300,  -0.0310988630,  -0.3649519400,
                    0.0410380850,   0.9989671100,   0.0195079820,
                    0.3639683100,  -0.0331292380,   0.9308219600
               </Orientation>
            </HpLightB21>
            <HpLightC01>
               <Position type="Vector">129.06239, 0.055854224, -78.929688</Position>
               <Orientation type="Matrix">
                    0.9240130200,  -0.0305159560,  -0.3811413900,
                    0.0410380660,   0.9989671100,   0.0195078980,
                    0.3801524000,  -0.0336668570,   0.9243109200
               </Orientation>
            </HpLightC01>
            <HpLightC02>
               <Position type="Vector">125.88543, 0.08136721, -73.84549</Position>
               <Orientation type="Matrix">
                    0.9240130200,  -0.0305159560,  -0.3811413900,
                    0.0410380660,   0.9989671100,   0.0195078980,
                    0.3801524000,  -0.0336668570,   0.9243109200
               </Orientation>
            </HpLightC02>
            <HpLightC03>
               <Position type="Vector">122.60678, 0.10626986, -68.598557</Position>
               <Orientation type="Matrix">
                    0.9240130200,  -0.0305159560,  -0.3811413900,
                    0.0410380660,   0.9989671100,   0.0195078980,
                    0.3801524000,  -0.0336668570,   0.9243109200
               </Orientation>
            </HpLightC03>
            <HpLightC04>
               <Position type="Vector">119.46249, 0.13245423, -63.566635</Position>
               <Orientation type="Matrix">
                    0.9240130200,  -0.0305159560,  -0.3811413900,
                    0.0410380660,   0.9989671100,   0.0195078980,
                    0.3801524000,  -0.0336668570,   0.9243109200
               </Orientation>
            </HpLightC04>
            <HpLightC05>
               <Position type="Vector">116.29772, 0.15619721, -58.501949</Position>
               <Orientation type="Matrix">
                    0.9240130200,  -0.0305159560,  -0.3811413900,
                    0.0410380660,   0.9989671100,   0.0195078980,
                    0.3801524000,  -0.0336668570,   0.9243109200
               </Orientation>
            </HpLightC05>
            <HpLightC06>
               <Position type="Vector">113.1143, 0.18189329, -53.407398</Position>
               <Orientation type="Matrix">
                    0.9240130200,  -0.0305159560,  -0.3811413900,
                    0.0410380660,   0.9989671100,   0.0195078980,
                    0.3801524000,  -0.0336668570,   0.9243109200
               </Orientation>
            </HpLightC06>
            <HpLightC07>
               <Position type="Vector">109.91541, 0.20496488, -48.288105</Position>
               <Orientation type="Matrix">
                    0.9240130200,  -0.0305159560,  -0.3811413900,
                    0.0410380660,   0.9989671100,   0.0195078980,
                    0.3801524000,  -0.0336668570,   0.9243109200
               </Orientation>
            </HpLightC07>
            <HpLightC08>
               <Position type="Vector">105.02322, 0.24036571, -40.458981</Position>
               <Orientation type="Matrix">
                    0.9240130200,  -0.0305159560,  -0.3811413900,
                    0.0410380660,   0.9989671100,   0.0195078980,
                    0.3801524000,  -0.0336668570,   0.9243109200
               </Orientation>
            </HpLightC08>
            <HpLightC09>
               <Position type="Vector">101.91205, 0.25554851, -35.480061</Position>
               <Orientation type="Matrix">
                    0.9240130200,  -0.0305159560,  -0.3811413900,
                    0.0410380660,   0.9989671100,   0.0195078980,
                    0.3801524000,  -0.0336668570,   0.9243109200
               </Orientation>
            </HpLightC09>
            <HpLightC10>
               <Position type="Vector">98.800293, 0.27160102, -30.500212</Position>
               <Orientation type="Matrix">
                    0.9240130200,  -0.0305159560,  -0.3811413900,
                    0.0410380660,   0.9989671100,   0.0195078980,
                    0.3801524000,  -0.0336668570,   0.9243109200
               </Orientation>
            </HpLightC10>
            <HpLightC11>
               <Position type="Vector">95.709824, 0.28509009, -25.55442</Position>
               <Orientation type="Matrix">
                    0.9240130200,  -0.0305159560,  -0.3811413900,
                    0.0410380660,   0.9989671100,   0.0195078980,
                    0.3801524000,  -0.0336668570,   0.9243109200
               </Orientation>
            </HpLightC11>
            <HpLightC12>
               <Position type="Vector">92.57869, 0.30016607, -20.543566</Position>
               <Orientation type="Matrix">
                    0.9240130200,  -0.0305159560,  -0.3811413900,
                    0.0410380660,   0.9989671100,   0.0195078980,
                    0.3801524000,  -0.0336668570,   0.9243109200
               </Orientation>
            </HpLightC12>
            <HpLightC13>
               <Position type="Vector">89.47496, 0.31768343, -15.576553</Position>
               <Orientation type="Matrix">
                    0.9240130200,  -0.0305159560,  -0.3811413900,
                    0.0410380660,   0.9989671100,   0.0195078980,
                    0.3801524000,  -0.0336668570,   0.9243109200
               </Orientation>
            </HpLightC13>
            <HpLightC14>
               <Position type="Vector">86.28846, 0.33855775, -10.477084</Position>
               <Orientation type="Matrix">
                    0.9240130200,  -0.0305159560,  -0.3811413900,
                    0.0410380660,   0.9989671100,   0.0195078980,
                    0.3801524000,  -0.0336668570,   0.9243109200
               </Orientation>
            </HpLightC14>
            <HpLightC15>
               <Position type="Vector">81.963165, 0.36565775, -3.5551715</Position>
               <Orientation type="Matrix">
                    0.9240130200,  -0.0305159560,  -0.3811413900,
                    0.0410380660,   0.9989671100,   0.0195078980,
                    0.3801524000,  -0.0336668570,   0.9243109200
               </Orientation>
            </HpLightC15>
            <HpLightC16>
               <Position type="Vector">79.036682, 0.36639044, 1.1281248</Position>
               <Orientation type="Matrix">
                    0.9240130200,  -0.0305159560,  -0.3811413900,
                    0.0410380660,   0.9989671100,   0.0195078980,
                    0.3801524000,  -0.0336668570,   0.9243109200
               </Orientation>
            </HpLightC16>
            <HpLightC17>
               <Position type="Vector">75.96949, 0.39556554, 6.036716</Position>
               <Orientation type="Matrix">
                    0.9240130200,  -0.0305159560,  -0.3811413900,
                    0.0410380660,   0.9989671100,   0.0195078980,
                    0.3801524000,  -0.0336668570,   0.9243109200
               </Orientation>
            </HpLightC17>
            <HpLightC18>
               <Position type="Vector">72.98378, 0.40441591, 10.814855</Position>
               <Orientation type="Matrix">
                    0.9240130200,  -0.0305159560,  -0.3811413900,
                    0.0410380660,   0.9989671100,   0.0195078980,
                    0.3801524000,  -0.0336668570,   0.9243109200
               </Orientation>
            </HpLightC18>
            <HpLightC19>
               <Position type="Vector">70.087105, 0.40697965, 15.450495</Position>
               <Orientation type="Matrix">
                    0.9240130200,  -0.0305159560,  -0.3811413900,
                    0.0410380660,   0.9989671100,   0.0195078980,
                    0.3801524000,  -0.0336668570,   0.9243109200
               </Orientation>
            </HpLightC19>
            <HpLightC20>
               <Position type="Vector">67.058678, 0.41796625, 20.296942</Position>
               <Orientation type="Matrix">
                    0.9240130200,  -0.0305159560,  -0.3811413900,
                    0.0410380660,   0.9989671100,   0.0195078980,
                    0.3801524000,  -0.0336668570,   0.9243109200
               </Orientation>
            </HpLightC20>
            <HpLightC21>
               <Position type="Vector">63.690525, 0.46496364, 25.687166</Position>
               <Orientation type="Matrix">
                    0.9240130200,  -0.0305159560,  -0.3811413900,
                    0.0410380660,   0.9989671100,   0.0195078980,
                    0.3801524000,  -0.0336668570,   0.9243109200
               </Orientation>
            </HpLightC21>
            <HpLightD01>
               <Position type="Vector">16.707279, 201.53314, -389.5979</Position>
               <Orientation type="Matrix">
                    0.9991375200,  -0.0409057920,  -0.0071351416,
                    0.0410381260,   0.9989671100,   0.0195078270,
                    0.0063297888,  -0.0197838150,   0.9997842300
               </Orientation>
            </HpLightD01>
            <HpLightE01>
               <Position type="Vector">137.12183, 393.84274, -785.32355</Position>
               <Orientation type="Matrix">
                    0.9987875200,  -0.0263324470,  -0.0415944610,
                    0.0280903470,   0.9987117100,   0.0422595960,
                    0.0404280760,  -0.0433767590,   0.9982404700
               </Orientation>
            </HpLightE01>
            <HpLightE02>
               <Position type="Vector">147.99921, 393.84268, -776.28619</Position>
               <Orientation type="Matrix">
                    0.9987875200,  -0.0263324470,  -0.0415944610,
                    0.0280903470,   0.9987117100,   0.0422595960,
                    0.0404280760,  -0.0433767590,   0.9982404700
               </Orientation>
            </HpLightE02>
            <HpLightF01>
               <Position type="Vector">700.80939, 248.03043, -1056.2023</Position>
               <Orientation type="Matrix">
                    0.9991375200,  -0.0409057920,  -0.0071351416,
                    0.0410381260,   0.9989671100,   0.0195078270,
                    0.0063297888,  -0.0197838150,   0.9997842300
               </Orientation>
            </HpLightF01>
            <HpLightF02>
               <Position type="Vector">701.12598, 256.85941, -1056.7087</Position>
               <Orientation type="Matrix">
                    0.9991375200,  -0.0409057920,  -0.0071351416,
                    0.0410381260,   0.9989671100,   0.0195078270,
                    0.0063297888,  -0.0197838150,   0.9997842300
               </Orientation>
            </HpLightF02>
            <HpLightF03>
               <Position type="Vector">701.13959, 268.51761, -1056.73</Position>
               <Orientation type="Matrix">
                    0.9991375200,  -0.0409057920,  -0.0071351416,
                    0.0410381260,   0.9989671100,   0.0195078270,
                    0.0063297888,  -0.0197838150,   0.9997842300
               </Orientation>
            </HpLightF03>
            <HpLightF04>
               <Position type="Vector">701.15228, 280.70865, -1056.7504</Position>
               <Orientation type="Matrix">
                    0.9991375200,  -0.0409057920,  -0.0071351416,
                    0.0410381260,   0.9989671100,   0.0195078270,
                    0.0063297888,  -0.0197838150,   0.9997842300
               </Orientation>
            </HpLightF04>
            <HpLightF05>
               <Position type="Vector">701.16498, 291.71463, -1056.7709</Position>
               <Orientation type="Matrix">
                    0.9991375200,  -0.0409057920,  -0.0071351416,
                    0.0410381260,   0.9989671100,   0.0195078270,
                    0.0063297888,  -0.0197838150,   0.9997842300
               </Orientation>
            </HpLightF05>
            <HpLightF06>
               <Position type="Vector">701.17804, 303.25552, -1056.7921</Position>
               <Orientation type="Matrix">
                    0.9991375200,  -0.0409057920,  -0.0071351416,
                    0.0410381260,   0.9989671100,   0.0195078270,
                    0.0063297888,  -0.0197838150,   0.9997842300
               </Orientation>
            </HpLightF06>
            <HpLightF07>
               <Position type="Vector">701.1911, 314.18582, -1056.813</Position>
               <Orientation type="Matrix">
                    0.9991375200,  -0.0409057920,  -0.0071351416,
                    0.0410381260,   0.9989671100,   0.0195078270,
                    0.0063297888,  -0.0197838150,   0.9997842300
               </Orientation>
            </HpLightF07>
            <HpLightF08>
               <Position type="Vector">701.20367, 325.65115, -1056.8334</Position>
               <Orientation type="Matrix">
                    0.9991375200,  -0.0409057920,  -0.0071351416,
                    0.0410381260,   0.9989671100,   0.0195078270,
                    0.0063297888,  -0.0197838150,   0.9997842300
               </Orientation>
            </HpLightF08>
            <HpLightF09>
               <Position type="Vector">701.21649, 337.07779, -1056.8539</Position>
               <Orientation type="Matrix">
                    0.9991375200,  -0.0409057920,  -0.0071351416,
                    0.0410381260,   0.9989671100,   0.0195078270,
                    0.0063297888,  -0.0197838150,   0.9997842300
               </Orientation>
            </HpLightF09>
            <HpLightF10>
               <Position type="Vector">700.92627, 397.64322, -1056.3893</Position>
               <Orientation type="Matrix">
                    0.9991375200,  -0.0409057920,  -0.0071351416,
                    0.0410381260,   0.9989671100,   0.0195078270,
                    0.0063297888,  -0.0197838150,   0.9997842300
               </Orientation>
            </HpLightF10>
            <HpLightG01>
               <Position type="Vector">-45.67775, 107.15282, -405.74689</Position>
               <Orientation type="Matrix">
                    0.9991375200,  -0.0409056130,  -0.0071351416,
                    0.0410379510,   0.9989671100,   0.0195079040,
                    0.0063297888,  -0.0197838900,   0.9997842300
               </Orientation>
            </HpLightG01>
            <HpLightG02>
               <Position type="Vector">-45.677837, 101.09459, -405.74689</Position>
               <Orientation type="Matrix">
                    0.9991375200,  -0.0409056130,  -0.0071351416,
                    0.0410379510,   0.9989671100,   0.0195079040,
                    0.0063297888,  -0.0197838900,   0.9997842300
               </Orientation>
            </HpLightG02>
            <HpLightG03>
               <Position type="Vector">-45.677765, 95.036499, -405.74698</Position>
               <Orientation type="Matrix">
                    0.9991375200,  -0.0409056130,  -0.0071351416,
                    0.0410379510,   0.9989671100,   0.0195079040,
                    0.0063297888,  -0.0197838900,   0.9997842300
               </Orientation>
            </HpLightG03>
            <HpLightG04>
               <Position type="Vector">-45.677799, 88.978271, -405.74692</Position>
               <Orientation type="Matrix">
                    0.9991375200,  -0.0409056130,  -0.0071351416,
                    0.0410379510,   0.9989671100,   0.0195079040,
                    0.0063297888,  -0.0197838900,   0.9997842300
               </Orientation>
            </HpLightG04>
            <HpLightG05>
               <Position type="Vector">-45.67778, 82.920166, -405.74692</Position>
               <Orientation type="Matrix">
                    0.9991375200,  -0.0409056130,  -0.0071351416,
                    0.0410379510,   0.9989671100,   0.0195079040,
                    0.0063297888,  -0.0197838900,   0.9997842300
               </Orientation>
            </HpLightG05>
            <HpLightG06>
               <Position type="Vector">-45.677776, 76.862, -405.74692</Position>
               <Orientation type="Matrix">
                    0.9991375200,  -0.0409056130,  -0.0071351416,
                    0.0410379510,   0.9989671100,   0.0195079040,
                    0.0063297888,  -0.0197838900,   0.9997842300
               </Orientation>
            </HpLightG06>
            <HpLightG07>
               <Position type="Vector">-45.677841, 70.803864, -405.74689</Position>
               <Orientation type="Matrix">
                    0.9991375200,  -0.0409056130,  -0.0071351416,
                    0.0410379510,   0.9989671100,   0.0195079040,
                    0.0063297888,  -0.0197838900,   0.9997842300
               </Orientation>
            </HpLightG07>
            <HpLightG08>
               <Position type="Vector">-45.677841, 64.745697, -405.74689</Position>
               <Orientation type="Matrix">
                    0.9991375200,  -0.0409056130,  -0.0071351416,
                    0.0410379510,   0.9989671100,   0.0195079040,
                    0.0063297888,  -0.0197838900,   0.9997842300
               </Orientation>
            </HpLightG08>
            <HpLightG09>
               <Position type="Vector">-45.677841, 58.687489, -405.74689</Position>
               <Orientation type="Matrix">
                    0.9991375200,  -0.0409056130,  -0.0071351416,
                    0.0410379510,   0.9989671100,   0.0195079040,
                    0.0063297888,  -0.0197838900,   0.9997842300
               </Orientation>
            </HpLightG09>
            <HpLightG10>
               <Position type="Vector">-45.677769, 52.629322, -405.74698</Position>
               <Orientation type="Matrix">
                    0.9991375200,  -0.0409056130,  -0.0071351416,
                    0.0410379510,   0.9989671100,   0.0195079040,
                    0.0063297888,  -0.0197838900,   0.9997842300
               </Orientation>
            </HpLightG10>
            <HpLightG11>
               <Position type="Vector">-45.677738, 46.571232, -405.74695</Position>
               <Orientation type="Matrix">
                    0.9991375200,  -0.0409056130,  -0.0071351416,
                    0.0410379510,   0.9989671100,   0.0195079040,
                    0.0063297888,  -0.0197838900,   0.9997842300
               </Orientation>
            </HpLightG11>
            <HpLightG12>
               <Position type="Vector">-45.677738, 40.513081, -405.74695</Position>
               <Orientation type="Matrix">
                    0.9991375200,  -0.0409056130,  -0.0071351416,
                    0.0410379510,   0.9989671100,   0.0195079040,
                    0.0063297888,  -0.0197838900,   0.9997842300
               </Orientation>
            </HpLightG12>
            <HpLightG13>
               <Position type="Vector">-45.677769, 34.454914, -405.74698</Position>
               <Orientation type="Matrix">
                    0.9991375200,  -0.0409056130,  -0.0071351416,
                    0.0410379510,   0.9989671100,   0.0195079040,
                    0.0063297888,  -0.0197838900,   0.9997842300
               </Orientation>
            </HpLightG13>
            <HpLightG14>
               <Position type="Vector">-45.677738, 28.396761, -405.74695</Position>
               <Orientation type="Matrix">
                    0.9991375200,  -0.0409056130,  -0.0071351416,
                    0.0410379510,   0.9989671100,   0.0195079040,
                    0.0063297888,  -0.0197838900,   0.9997842300
               </Orientation>
            </HpLightG14>
            <HpLightG15>
               <Position type="Vector">-45.677792, 22.338625, -405.74698</Position>
               <Orientation type="Matrix">
                    0.9991375200,  -0.0409056130,  -0.0071351416,
                    0.0410379510,   0.9989671100,   0.0195079040,
                    0.0063297888,  -0.0197838900,   0.9997842300
               </Orientation>
            </HpLightG15>
            <HpLightG16>
               <Position type="Vector">-45.677792, 16.280458, -405.74698</Position>
               <Orientation type="Matrix">
                    0.9991375200,  -0.0409056130,  -0.0071351416,
                    0.0410379510,   0.9989671100,   0.0195079040,
                    0.0063297888,  -0.0197838900,   0.9997842300
               </Orientation>
            </HpLightG16>
            <HpLightG17>
               <Position type="Vector">-45.677811, 10.222338, -405.74701</Position>
               <Orientation type="Matrix">
                    0.9991375200,  -0.0409056130,  -0.0071351416,
                    0.0410379510,   0.9989671100,   0.0195079040,
                    0.0063297888,  -0.0197838900,   0.9997842300
               </Orientation>
            </HpLightG17>
            <HpLightH01>
               <Position type="Vector">553.95392, 64.530952, -1104.7217</Position>
               <Orientation type="Matrix">
                    0.9991375200,  -0.0409057920,  -0.0071351416,
                    0.0410381260,   0.9989671100,   0.0195078270,
                    0.0063297888,  -0.0197838150,   0.9997842300
               </Orientation>
            </HpLightH01>
            <HpLightH02>
               <Position type="Vector">553.97363, 74.35041, -1104.7535</Position>
               <Orientation type="Matrix">
                    0.9991375200,  -0.0409057920,  -0.0071351416,
                    0.0410381260,   0.9989671100,   0.0195078270,
                    0.0063297888,  -0.0197838150,   0.9997842300
               </Orientation>
            </HpLightH02>
            <HpLightH03>
               <Position type="Vector">553.99377, 84.136177, -1104.786</Position>
               <Orientation type="Matrix">
                    0.9991375200,  -0.0409057920,  -0.0071351416,
                    0.0410381260,   0.9989671100,   0.0195078270,
                    0.0063297888,  -0.0197838150,   0.9997842300
               </Orientation>
            </HpLightH03>
            <HpLightH04>
               <Position type="Vector">554.31689, 93.317818, -1105.3029</Position>
               <Orientation type="Matrix">
                    0.9991375200,  -0.0409057920,  -0.0071351416,
                    0.0410381260,   0.9989671100,   0.0195078270,
                    0.0063297888,  -0.0197838150,   0.9997842300
               </Orientation>
            </HpLightH04>
            <HpLightH05>
               <Position type="Vector">554.63959, 101.89643, -1105.8188</Position>
               <Orientation type="Matrix">
                    0.9991375200,  -0.0409057920,  -0.0071351416,
                    0.0410381260,   0.9989671100,   0.0195078270,
                    0.0063297888,  -0.0197838150,   0.9997842300
               </Orientation>
            </HpLightH05>
            <HpLightH06>
               <Position type="Vector">554.65802, 111.01803, -1105.8483</Position>
               <Orientation type="Matrix">
                    0.9991375200,  -0.0409057920,  -0.0071351416,
                    0.0410381260,   0.9989671100,   0.0195078270,
                    0.0063297888,  -0.0197838150,   0.9997842300
               </Orientation>
            </HpLightH06>
            <HpLightI01>
               <Position type="Vector">120.41688, 20.449703, -7.3026695</Position>
               <Orientation type="Matrix">
                    0.9991375200,  -0.0409057210,  -0.0071353558,
                    0.0410380620,   0.9989671100,   0.0195078640,
                    0.0063300026,  -0.0197838600,   0.9997842300
               </Orientation>
            </HpLightI01>
            <HpLightI02>
               <Position type="Vector">119.96817, 17.134945, -7.4442201</Position>
               <Orientation type="Matrix">
                    0.9991375200,  -0.0409057210,  -0.0071353558,
                    0.0410380620,   0.9989671100,   0.0195078640,
                    0.0063300026,  -0.0197838600,   0.9997842300
               </Orientation>
            </HpLightI02>
            <HpLightI03>
               <Position type="Vector">119.53236, 13.820187, -7.6695418</Position>
               <Orientation type="Matrix">
                    0.9991375200,  -0.0409057210,  -0.0071353558,
                    0.0410380620,   0.9989671100,   0.0195078640,
                    0.0063300026,  -0.0197838600,   0.9997842300
               </Orientation>
            </HpLightI03>
            <HpLightI04>
               <Position type="Vector">119.13241, 10.505428, -7.8257575</Position>
               <Orientation type="Matrix">
                    0.9991375200,  -0.0409057210,  -0.0071353558,
                    0.0410380620,   0.9989671100,   0.0195078640,
                    0.0063300026,  -0.0197838600,   0.9997842300
               </Orientation>
            </HpLightI04>
            <HpLightI05>
               <Position type="Vector">118.66653, 7.19067, -8.0698023</Position>
               <Orientation type="Matrix">
                    0.9991375200,  -0.0409057210,  -0.0071353558,
                    0.0410380620,   0.9989671100,   0.0195078640,
                    0.0063300026,  -0.0197838600,   0.9997842300
               </Orientation>
            </HpLightI05>
            <HpLightI06>
               <Position type="Vector">118.23037, 3.8759115, -8.2954187</Position>
               <Orientation type="Matrix">
                    0.9991375200,  -0.0409057210,  -0.0071353558,
                    0.0410380620,   0.9989671100,   0.0195078640,
                    0.0063300026,  -0.0197838600,   0.9997842300
               </Orientation>
            </HpLightI06>
            <HpLightI07>
               <Position type="Vector">117.84496, 0.56109214, -8.5362501</Position>
               <Orientation type="Matrix">
                    0.9991375200,  -0.0409057210,  -0.0071353558,
                    0.0410380620,   0.9989671100,   0.0195078640,
                    0.0063300026,  -0.0197838600,   0.9997842300
               </Orientation>
            </HpLightI07>
            <HpLightI08>
               <Position type="Vector">139.39474, 20.449701, -37.441345</Position>
               <Orientation type="Matrix">
                    0.9991375200,  -0.0409057210,  -0.0071353558,
                    0.0410380620,   0.9989671100,   0.0195078640,
                    0.0063300026,  -0.0197838600,   0.9997842300
               </Orientation>
            </HpLightI08>
            <HpLightI09>
               <Position type="Vector">138.94606, 17.134958, -37.582882</Position>
               <Orientation type="Matrix">
                    0.9991375200,  -0.0409057210,  -0.0071353558,
                    0.0410380620,   0.9989671100,   0.0195078640,
                    0.0063300026,  -0.0197838600,   0.9997842300
               </Orientation>
            </HpLightI09>
            <HpLightI10>
               <Position type="Vector">138.51025, 13.8202, -37.808201</Position>
               <Orientation type="Matrix">
                    0.9991375200,  -0.0409057210,  -0.0071353558,
                    0.0410380620,   0.9989671100,   0.0195078640,
                    0.0063300026,  -0.0197838600,   0.9997842300
               </Orientation>
            </HpLightI10>
            <HpLightI11>
               <Position type="Vector">138.11021, 10.505442, -37.964329</Position>
               <Orientation type="Matrix">
                    0.9991375200,  -0.0409057210,  -0.0071353558,
                    0.0410380620,   0.9989671100,   0.0195078640,
                    0.0063300026,  -0.0197838600,   0.9997842300
               </Orientation>
            </HpLightI11>
            <HpLightI12>
               <Position type="Vector">137.64442, 7.1906681, -38.208462</Position>
               <Orientation type="Matrix">
                    0.9991375200,  -0.0409057210,  -0.0071353558,
                    0.0410380620,   0.9989671100,   0.0195078640,
                    0.0063300026,  -0.0197838600,   0.9997842300
               </Orientation>
            </HpLightI12>
            <HpLightI13>
               <Position type="Vector">137.20827, 3.8759098, -38.434078</Position>
               <Orientation type="Matrix">
                    0.9991375200,  -0.0409057210,  -0.0071353558,
                    0.0410380620,   0.9989671100,   0.0195078640,
                    0.0063300026,  -0.0197838600,   0.9997842300
               </Orientation>
            </HpLightI13>
            <HpLightI14>
               <Position type="Vector">136.82283, 0.56109041, -38.674927</Position>
               <Orientation type="Matrix">
                    0.9991375200,  -0.0409057210,  -0.0071353558,
                    0.0410380620,   0.9989671100,   0.0195078640,
                    0.0063300026,  -0.0197838600,   0.9997842300
               </Orientation>
            </HpLightI14>
            <HpLightJ01>
               <Position type="Vector">602.30267, 64.110085, -1075.3273</Position>
               <Orientation type="Matrix">
                    0.9991375200,  -0.0409057920,  -0.0071351416,
                    0.0410381260,   0.9989671100,   0.0195078270,
                    0.0063297888,  -0.0197838150,   0.9997842300
               </Orientation>
            </HpLightJ01>
            <HpLightJ02>
               <Position type="Vector">602.32306, 73.929054, -1075.36</Position>
               <Orientation type="Matrix">
                    0.9991375200,  -0.0409057920,  -0.0071351416,
                    0.0410381260,   0.9989671100,   0.0195078270,
                    0.0063297888,  -0.0197838150,   0.9997842300
               </Orientation>
            </HpLightJ02>
            <HpLightJ03>
               <Position type="Vector">602.34344, 83.715309, -1075.3925</Position>
               <Orientation type="Matrix">
                    0.9991375200,  -0.0409057920,  -0.0071351416,
                    0.0410381260,   0.9989671100,   0.0195078270,
                    0.0063297888,  -0.0197838150,   0.9997842300
               </Orientation>
            </HpLightJ03>
