<?xml version="1.0" encoding="ISO-8859-1"?>
<!-- XML generated by UTFXML Version 2.2 built 19-Aug-2010 -->
<UTFXML filename="li_cal_minor_generator.3db" path="BASES\LIBERTY">
   <UTF_ROOT>
      <VMeshLibrary>
         <data.bases.liberty.li_cal_minor_generator.lod0-112.vms include="li_cal_minor_generator_3db\lod0-112.vms.xml"/>
      </VMeshLibrary>
      <Exporter_Version name="Exporter Version" type="text">Dec  4 2001 15:42:59</Exporter_Version>
      <VMeshPart>
         <VMeshRef type="VMeshRef">
            <!-- header size  --> 60,
            <!-- vmesh lib    --> data.bases.liberty.li_cal_minor_generator.lod0-112.vms,
            <!-- start vert   --> 0,
            <!-- num verts    --> 510,
            <!-- start index  --> 0,
            <!-- num indices  --> 1080,
            <!-- start mesh   --> 0,
            <!-- num meshes   --> 1,
            <!-- bounding box -->  317.51227,    172.89153,     317.43039,
                                  -317.52292,     -0.54697752, -317.34488,
            <!-- center       -->    0.56610131,  83.270279,     -1.3183163,
            <!-- radius       --> 329.58212
         </VMeshRef>
      </VMeshPart>
      <Hardpoints>
         <Fixed>
            <HpFX01>
               <Position type="Vector">-0.63408965, 160.45174, 1.1525289</Position>
               <Orientation type="Matrix">
                   -0.7071069500,  1.6613267e-09,   0.7071066500,
                  -72.828072e-09,   1.0000000000, -75.177574e-09,
                   -0.7071066500, -104.65580e-09,  -0.7071069500
               </Orientation>
            </HpFX01>
            <HpFX02>
               <Position type="Vector">26.485088, 30.800636, 28.271673</Position>
               <Orientation type="Matrix">
                    0.7071066500, -16.227645e-09,   0.7071068900,
                   17.442114e-09,   1.0000000000,  5.5072413e-09,
                   -0.7071068900,  8.4392324e-09,   0.7071066500
               </Orientation>
            </HpFX02>
            <HpFX05>
               <Position type="Vector">-27.854841, 30.800621, 27.58441</Position>
               <Orientation type="Matrix">
                    0.7071067100,  22.113081e-09,  -0.7071068300,
                   58.779477e-09,   1.0000000000,  90.052083e-09,
                    0.7071068300, -105.23981e-09,   0.7071067100
               </Orientation>
            </HpFX05>
            <HpFX03>
               <Position type="Vector">26.485113, 30.80061, -24.891945</Position>
               <Orientation type="Matrix">
                   -0.7071068300,  61.379033e-09,   0.7071067700,
                  -58.968268e-09,   1.0000000000, -145.77134e-09,
                   -0.7071067700, -144.77277e-09,  -0.7071068300
               </Orientation>
            </HpFX03>
            <HpFX04>
               <Position type="Vector">-27.854828, 30.800602, -24.891937</Position>
               <Orientation type="Matrix">
                   -0.7071067700, -18.280192e-09,  -0.7071067700,
                   54.221008e-09,   1.0000000000, -80.073100e-09,
                    0.7071067700, -94.960278e-09,  -0.7071067700
               </Orientation>
            </HpFX04>
         </Fixed>
      </Hardpoints>
      <Material_library name="Material library">
         <Material_count name="Material count" type="int">1</Material_count>
         <pitt_panels2.tga>
            <Type type="text">DcDt</Type>
            <Dt_name type="text">pitt_panels2.tga</Dt_name>
            <Dt_flags type="int">0x40</Dt_flags>
         </pitt_panels2.tga>
      </Material_library>
      <Texture_library name="Texture library">
         <pitt_panels2.tga>
            <MIP8 type="file" filename="li_cal_minor_generator_3db\pitt_panels2_mip8.tga"/>
            <MIP7 type="file" filename="li_cal_minor_generator_3db\pitt_panels2_mip7.tga"/>
            <MIP6 type="file" filename="li_cal_minor_generator_3db\pitt_panels2_mip6.tga"/>
            <MIP5 type="file" filename="li_cal_minor_generator_3db\pitt_panels2_mip5.tga"/>
            <MIP4 type="file" filename="li_cal_minor_generator_3db\pitt_panels2_mip4.tga"/>
            <MIP3 type="file" filename="li_cal_minor_generator_3db\pitt_panels2_mip3.tga"/>
            <MIP2 type="file" filename="li_cal_minor_generator_3db\pitt_panels2_mip2.tga"/>
            <MIP1 type="file" filename="li_cal_minor_generator_3db\pitt_panels2_mip1.tga"/>
            <MIP0 type="file" filename="li_cal_minor_generator_3db\pitt_panels2_mip0.tga"/>
         </pitt_panels2.tga>
      </Texture_library>
   </UTF_ROOT>
</UTFXML>
