<?xml version="1.0" encoding="ISO-8859-1"?>
<!-- XML generated by UTFXML Version 2.2 built 19-Aug-2010 -->
<UTFXML filename="freight_trainx3.3db" path="SHIPS\UTILITY\FREIGHT_TRAIN">
   <UTF_ROOT>
      <VMeshLibrary>
         <data.ships.utility.freight_train.freight_trainx3.lod0-112.vms include="freight_trainx3_3db\lod0-112.vms.xml"/>
         <data.ships.utility.freight_train.freight_trainx3.lod1-112.vms include="freight_trainx3_3db\lod1-112.vms.xml"/>
         <data.ships.utility.freight_train.freight_trainx3.lod2-112.vms include="freight_trainx3_3db\lod2-112.vms.xml"/>
         <data.ships.utility.freight_train.freight_trainx3.lod3-112.vms include="freight_trainx3_3db\lod3-112.vms.xml"/>
         <data.ships.utility.freight_train.freight_trainx3.lod4-112.vms include="freight_trainx3_3db\lod4-112.vms.xml"/>
      </VMeshLibrary>
      <Exporter_Version name="Exporter Version" type="text">Aug 24 2002 12:33:14</Exporter_Version>
      <Hardpoints>
         <Fixed>
            <HpCargo01>
               <Orientation type="Matrix">
                    1.0000000000, -190.23399e-09,  373.74988e-09,
                   190.23383e-09,   1.0000000000,  400.59390e-09,
                  -373.74997e-09, -400.59382e-09,   1.0000000000
               </Orientation>
               <Position type="Vector">-0.050408512, 12.962385, -15.239306</Position>
            </HpCargo01>
            <HpCargo02>
               <Orientation type="Matrix">
                    1.0000000000, -190.23399e-09,  373.74988e-09,
                   190.23383e-09,   1.0000000000,  400.59390e-09,
                  -373.74997e-09, -400.59382e-09,   1.0000000000
               </Orientation>
               <Position type="Vector">-0.050408509, 1.9637545, -15.239302</Position>
            </HpCargo02>
            <HpCargo03>
               <Orientation type="Matrix">
                    1.0000000000, -190.23399e-09,  373.74988e-09,
                   190.23383e-09,   1.0000000000,  400.59390e-09,
                  -373.74997e-09, -400.59382e-09,   1.0000000000
               </Orientation>
               <Position type="Vector">-0.05040662, 12.962409, 28.066349</Position>
            </HpCargo03>
            <HpCargo04>
               <Orientation type="Matrix">
                    1.0000000000, -190.23399e-09,  373.74988e-09,
                   190.23383e-09,   1.0000000000,  400.59390e-09,
                  -373.74997e-09, -400.59382e-09,   1.0000000000
               </Orientation>
               <Position type="Vector">-0.050406616, 1.9637771, 28.066347</Position>
            </HpCargo04>
            <HpCargo05>
               <Orientation type="Matrix">
                    1.0000000000, -190.23399e-09,  373.74988e-09,
                   190.23383e-09,   1.0000000000,  400.59390e-09,
                  -373.74997e-09, -400.59382e-09,   1.0000000000
               </Orientation>
               <Position type="Vector">-0.05040472, 12.962432, 71.606941</Position>
            </HpCargo05>
            <HpCargo06>
               <Orientation type="Matrix">
                    1.0000000000, -190.23399e-09,  373.74988e-09,
                   190.23383e-09,   1.0000000000,  400.59390e-09,
                  -373.74997e-09, -400.59382e-09,   1.0000000000
               </Orientation>
               <Position type="Vector">-0.050404716, 1.9637997, 71.606926</Position>
            </HpCargo06>
            <HpDocklight01>
               <Orientation type="Matrix">
                   -1.0000000000, -189.44705e-09, -462.52410e-09,
                  -189.44702e-09,   1.0000000000, -73.893801e-09,
                   462.52410e-09, -73.893716e-09,  -1.0000000000
               </Orientation>
               <Position type="Vector">-0.050403871, 10.706645, 95.905266</Position>
            </HpDocklight01>
            <HpDocklight02>
               <Orientation type="Matrix">
                    0.3826828000, -1.0655691e-06,   0.9238798000,
                   161.64267e-09,   1.0000000000,  1.0864089e-06,
                   -0.9238798000, -266.41160e-09,   0.3826828000
               </Orientation>
               <Position type="Vector">-25.443979, -16.164568, -86.404091</Position>
            </HpDocklight02>
            <HpDocklight03>
               <Orientation type="Matrix">
                    0.7071071900, -477.19220e-09,  -0.7071064100,
                   604.66112e-09,   1.0000000000, -70.190268e-09,
                    0.7071064100, -377.92771e-09,   0.7071071900
               </Orientation>
               <Position type="Vector">25.400314, -16.164568, -86.404091</Position>
            </HpDocklight03>
            <HpEngine01>
               <Orientation type="Matrix">
                    1.0000000000, -317.13006e-09,  243.98460e-09,
                   317.12986e-09,   1.0000000000,  868.75872e-09,
                  -243.98489e-09, -868.75866e-09,   1.0000000000
               </Orientation>
               <Position type="Vector">19.919928, -14.344097, -74.562943</Position>
            </HpEngine01>
            <HpEngine02>
               <Orientation type="Matrix">
                    1.0000000000, -282.69409e-09,  276.71328e-09,
                   282.69389e-09,   1.0000000000,  702.75757e-09,
                  -276.71348e-09, -702.75752e-09,   1.0000000000
               </Orientation>
               <Position type="Vector">-20.069395, -14.344097, -74.562943</Position>
            </HpEngine02>
            <HpHeadLight01>
               <Orientation type="Matrix">
                   -1.0000000000,  92.784450e-15,  87.422769e-09,
                  -20.306671e-15,  -1.0000000000,  829.04921e-09,
                   87.422769e-09,  829.04921e-09,   1.0000000000
               </Orientation>
               <Position type="Vector">1.2199696, 4.5130277, -85.739891</Position>
            </HpHeadLight01>
            <HpHeadLight02>
               <Orientation type="Matrix">
                   -1.0000000000,  34.717810e-15,  87.422784e-09,
                   3.3990793e-15,  -1.0000000000,  436.00636e-09,
                   87.422784e-09,  436.00636e-09,   1.0000000000
               </Orientation>
               <Position type="Vector">-1.3774301, 4.5130277, -85.739891</Position>
            </HpHeadLight02>
            <HpMount>
               <Orientation type="Matrix">
                    1.0000000000, -71.455672e-15,  174.84560e-09,
                  -19.656724e-15,   1.0000000000,  521.10204e-09,
                  -174.84560e-09, -521.10204e-09,   1.0000000000
               </Orientation>
               <Position type="Vector">-0.1194208, -6.5135684, -112.21718</Position>
            </HpMount>
            <HpRunningLight01>
               <Orientation type="Matrix">
                   675.62155e-09,   1.0000000000,  422.52557e-09,
                   -1.0000000000,  675.62138e-09,  361.90144e-09,
                   361.90116e-09, -422.52583e-09,   1.0000000000
               </Orientation>
               <Position type="Vector">19.736956, -20.123806, -87.086067</Position>
            </HpRunningLight01>
            <HpRunningLight02>
               <Orientation type="Matrix">
                   668.76839e-09,   1.0000000000,  461.37600e-09,
                   -1.0000000000,  668.76817e-09,  458.53318e-09,
                   458.53287e-09, -461.37632e-09,   1.0000000000
               </Orientation>
               <Position type="Vector">-19.846169, -20.123806, -87.08606</Position>
            </HpRunningLight02>
            <HpRunningLight03>
               <Orientation type="Matrix">
                   -1.0000000000, -87.422777e-09,  8.8394766e-15,
                   35.717448e-15, -509.67179e-09,  -1.0000000000,
                   87.422777e-09,  -1.0000000000,  509.67179e-09
               </Orientation>
               <Position type="Vector">-0.15539059, 12.572291, -61.207546</Position>
            </HpRunningLight03>
            <HpRunningLight04>
               <Orientation type="Matrix">
                  -33.708968e-09,  114.85785e-09,   1.0000000000,
                   -1.0000000000, -495.13193e-09, -33.708911e-09,
                   495.13193e-09,  -1.0000000000,  114.85787e-09
               </Orientation>
               <Position type="Vector">-8.4581223, 10.268157, -41.778515</Position>
            </HpRunningLight04>
            <HpRunningLight05>
               <Orientation type="Matrix">
                   125.46549e-09, -184.32401e-09,  -1.0000000000,
                   513.31796e-09,   1.0000000000, -184.32394e-09,
                    1.0000000000, -513.31796e-09,  125.46559e-09
               </Orientation>
               <Position type="Vector">8.1127052, 10.268157, -41.778519</Position>
            </HpRunningLight05>
            <HpRunningLight06>
               <Orientation type="Matrix">
                   -1.0000000000,  87.422784e-09, -61.283444e-15,
                   7.7918112e-15,  790.12875e-09,   1.0000000000,
                   87.422784e-09,   1.0000000000, -790.12875e-09
               </Orientation>
               <Position type="Vector">3.0486655, -8.1964102, -105.8661</Position>
            </HpRunningLight06>
            <HpRunningLight07>
               <Orientation type="Matrix">
                   -1.0000000000,  87.422784e-09, -61.283444e-15,
                   7.7918112e-15,  790.12875e-09,   1.0000000000,
                   87.422784e-09,   1.0000000000, -790.12875e-09
               </Orientation>
               <Position type="Vector">-3.2242985, -8.1964102, -105.8661</Position>
            </HpRunningLight07>
            <HpRunningLight08>
               <Orientation type="Matrix">
                  -505.76824e-09,   1.0000000000,  363.81712e-09,
                   557.09950e-09, -363.81684e-09,   1.0000000000,
                    1.0000000000,  505.76847e-09, -557.09933e-09
               </Orientation>
               <Position type="Vector">5.3137321, 12.092119, 1.6946838</Position>
            </HpRunningLight08>
            <HpRunningLight09>
               <Orientation type="Matrix">
                  -505.76824e-09,   1.0000000000,  363.81712e-09,
                   557.09950e-09, -363.81684e-09,   1.0000000000,
                    1.0000000000,  505.76847e-09, -557.09933e-09
               </Orientation>
               <Position type="Vector">-5.1721268, 12.092119, 1.6946847</Position>
            </HpRunningLight09>
            <HpRunningLight10>
               <Orientation type="Matrix">
                  -505.76824e-09,   1.0000000000,  363.81712e-09,
                   557.09950e-09, -363.81684e-09,   1.0000000000,
                    1.0000000000,  505.76847e-09, -557.09933e-09
               </Orientation>
               <Position type="Vector">-5.1721268, -6.6664882, 1.6946937</Position>
            </HpRunningLight10>
            <HpRunningLight11>
               <Orientation type="Matrix">
                  -505.76824e-09,   1.0000000000,  363.81712e-09,
                   557.09950e-09, -363.81684e-09,   1.0000000000,
                    1.0000000000,  505.76847e-09, -557.09933e-09
               </Orientation>
               <Position type="Vector">5.3137321, -6.6664882, 1.6946927</Position>
            </HpRunningLight11>
            <HpRunningLight12>
               <Orientation type="Matrix">
                  -505.76824e-09,   1.0000000000,  363.81712e-09,
                   557.09950e-09, -363.81684e-09,   1.0000000000,
                    1.0000000000,  505.76847e-09, -557.09933e-09
               </Orientation>
               <Position type="Vector">-5.172121, 12.092144, 45.185474</Position>
            </HpRunningLight12>
            <HpRunningLight13>
               <Orientation type="Matrix">
                  -505.76824e-09,   1.0000000000,  363.81712e-09,
                   557.09950e-09, -363.81684e-09,   1.0000000000,
                    1.0000000000,  505.76847e-09, -557.09933e-09
               </Orientation>
               <Position type="Vector">-5.172121, -6.6664653, 45.185486</Position>
            </HpRunningLight13>
            <HpRunningLight14>
               <Orientation type="Matrix">
                  -505.76824e-09,   1.0000000000,  363.81712e-09,
                   557.09950e-09, -363.81684e-09,   1.0000000000,
                    1.0000000000,  505.76847e-09, -557.09933e-09
               </Orientation>
               <Position type="Vector">5.3137379, -6.6664653, 45.185486</Position>
            </HpRunningLight14>
            <HpRunningLight15>
               <Orientation type="Matrix">
                  -505.76824e-09,   1.0000000000,  363.81712e-09,
                   557.09950e-09, -363.81684e-09,   1.0000000000,
                    1.0000000000,  505.76847e-09, -557.09933e-09
               </Orientation>
               <Position type="Vector">5.3137379, 12.092144, 45.185474</Position>
            </HpRunningLight15>
            <HpRunningLight16>
               <Orientation type="Matrix">
                  -505.76824e-09,   1.0000000000,  363.81712e-09,
                   557.09950e-09, -363.81684e-09,   1.0000000000,
                    1.0000000000,  505.76847e-09, -557.09933e-09
               </Orientation>
               <Position type="Vector">-5.1721153, 12.092167, 88.547157</Position>
            </HpRunningLight16>
            <HpRunningLight17>
               <Orientation type="Matrix">
                  -505.76824e-09,   1.0000000000,  363.81712e-09,
                   557.09950e-09, -363.81684e-09,   1.0000000000,
                    1.0000000000,  505.76847e-09, -557.09933e-09
               </Orientation>
               <Position type="Vector">-5.1721153, -6.6664433, 88.547165</Position>
            </HpRunningLight17>
            <HpRunningLight18>
               <Orientation type="Matrix">
                  -505.76824e-09,   1.0000000000,  363.81712e-09,
                   557.09950e-09, -363.81684e-09,   1.0000000000,
                    1.0000000000,  505.76847e-09, -557.09933e-09
               </Orientation>
               <Position type="Vector">5.3137436, -6.6664433, 88.547165</Position>
            </HpRunningLight18>
            <HpRunningLight19>
               <Orientation type="Matrix">
                  -505.76824e-09,   1.0000000000,  363.81712e-09,
                   557.09950e-09, -363.81684e-09,   1.0000000000,
                    1.0000000000,  505.76847e-09, -557.09933e-09
               </Orientation>
               <Position type="Vector">5.3137436, 12.092167, 88.547157</Position>
            </HpRunningLight19>
            <HpTractor_Source>
               <Orientation type="Matrix">
                   -1.0000000000,  92.784450e-15,  87.422769e-09,
                  -20.306671e-15,  -1.0000000000,  829.04921e-09,
                   87.422769e-09,  829.04921e-09,   1.0000000000
               </Orientation>
               <Position type="Vector">1.2199696, 4.5130277, -85.739891</Position>
            </HpTractor_Source>
         </Fixed>
         <Revolute>
            <HpTurret01>
               <Axis type="Vector">0, 1, 0</Axis>
               <Max type="float">1.91986</Max>
               <Min type="float">-1.9198699</Min>
               <Orientation type="Matrix">
                    1.0000000000, -58.826953e-15, -42.632568e-15,
                   58.826974e-15,   1.0000000000,  550.24640e-09,
                   42.632534e-15, -550.24640e-09,   1.0000000000
               </Orientation>
               <Position type="Vector">-0.15539105, -0.50148088, -96.537331</Position>
            </HpTurret01>
            <HpTurret02>
               <Axis type="Vector">0, 1, 0</Axis>
               <Max type="float">6.2831855</Max>
               <Min type="float">-6.2831855</Min>
               <Orientation type="Matrix">
                    0.3090167900,  -0.9510566000, -35.527140e-15,
                    0.9510566000,   0.3090167900,  550.24634e-09,
                  -523.31541e-09, -170.03539e-09,   1.0000000000
               </Orientation>
               <Position type="Vector">-24.248274, -12.98653, -83.256142</Position>
            </HpTurret02>
            <HpTurret03>
               <Axis type="Vector">0, 1, 0</Axis>
               <Max type="float">0.26179001</Max>
               <Min type="float">-3.1398499</Min>
               <Orientation type="Matrix">
                   -0.7986354800,   0.6018150400, -14.210860e-15,
                   -0.6018150400,  -0.7986354800,  550.24634e-09,
                   331.14651e-09,  439.44627e-09,   1.0000000000
               </Orientation>
               <Position type="Vector">-12.156432, -14.816228, -84.303146</Position>
            </HpTurret03>
            <HpTurret04>
               <Axis type="Vector">0, 1, 0</Axis>
               <Max type="float">6.2831855</Max>
               <Min type="float">-6.2831855</Min>
               <Orientation type="Matrix">
                    0.3090169100,   0.9510565400, -35.527140e-15,
                   -0.9510565400,   0.3090169100,  550.24640e-09,
                   523.31546e-09, -170.03541e-09,   1.0000000000
               </Orientation>
               <Position type="Vector">24.063023, -12.98653, -83.256149</Position>
            </HpTurret04>
            <HpTurret05>
               <Axis type="Vector">0, 1, 0</Axis>
               <Max type="float">3.1415799</Max>
               <Min type="float">-0.2618</Min>
               <Orientation type="Matrix">
                   -0.7986353000,  -0.6018152800, -35.527140e-15,
                    0.6018152800,  -0.7986353000,  550.24640e-09,
                  -331.14671e-09,  439.44618e-09,   1.0000000000
               </Orientation>
               <Position type="Vector">11.941583, -14.816228, -84.303154</Position>
            </HpTurret05>
            <HpTurret06>
               <Axis type="Vector">0, 1, 0</Axis>
               <Max type="float">6.2831855</Max>
               <Min type="float">-6.2831855</Min>
               <Orientation type="Matrix">
                    1.0000000000,  8.6241689e-09, -123.33325e-09,
                  -87.422855e-09,  -0.6560587300,  -0.7547098400,
                  -87.422599e-09,   0.7547098400,  -0.6560587300
               </Orientation>
               <Position type="Vector">-0.15538126, -5.7952557, 88.763077</Position>
            </HpTurret06>
         </Revolute>
      </Hardpoints>
      <VMeshWire include="freight_trainx3_3db\freight_trainx3.vwd.xml"/>
      <MultiLevel>
         <Level0>
            <VMeshPart>
               <VMeshRef type="VMeshRef">
                  <!-- header size  --> 60,
                  <!-- vmesh lib    --> data.ships.utility.freight_train.freight_trainx3.lod0-112.vms,
                  <!-- start vert   --> 0,
                  <!-- num verts    --> 4239,
                  <!-- start index  --> 0,
                  <!-- num indices  --> 6981,
                  <!-- start mesh   --> 0,
                  <!-- num meshes   --> 8,
                  <!-- bounding box -->  25.077562,     12.677815,    95.806267,
                                        -25.279892,    -20.104073,  -105.68471,
                  <!-- center       -->  -0.090476803,  -3.6515334,   -4.5767164,
                  <!-- radius       --> 101.36343
               </VMeshRef>
            </VMeshPart>
         </Level0>
         <Level1>
            <VMeshPart>
               <VMeshRef type="VMeshRef">
                  <!-- header size  --> 60,
                  <!-- vmesh lib    --> data.ships.utility.freight_train.freight_trainx3.lod1-112.vms,
                  <!-- start vert   --> 0,
                  <!-- num verts    --> 2974,
                  <!-- start index  --> 0,
                  <!-- num indices  --> 4713,
                  <!-- start mesh   --> 0,
                  <!-- num meshes   --> 8,
                  <!-- bounding box -->  25.077562,     12.677815,    95.806267,
                                        -25.279892,    -20.104073,  -105.68471,
                  <!-- center       -->  -0.090476803,  -3.6515334,   -4.5767164,
                  <!-- radius       --> 101.36343
               </VMeshRef>
            </VMeshPart>
         </Level1>
         <Level2>
            <VMeshPart>
               <VMeshRef type="VMeshRef">
                  <!-- header size  --> 60,
                  <!-- vmesh lib    --> data.ships.utility.freight_train.freight_trainx3.lod2-112.vms,
                  <!-- start vert   --> 0,
                  <!-- num verts    --> 2205,
                  <!-- start index  --> 0,
                  <!-- num indices  --> 3294,
                  <!-- start mesh   --> 0,
                  <!-- num meshes   --> 7,
                  <!-- bounding box -->  25.077562,     12.677815,    95.806267,
                                        -25.279892,    -20.104073,  -105.68471,
                  <!-- center       -->  -0.090476803,  -3.6515334,   -4.5767164,
                  <!-- radius       --> 101.36343
               </VMeshRef>
            </VMeshPart>
         </Level2>
         <Level3>
            <VMeshPart>
               <VMeshRef type="VMeshRef">
                  <!-- header size  --> 60,
                  <!-- vmesh lib    --> data.ships.utility.freight_train.freight_trainx3.lod3-112.vms,
                  <!-- start vert   --> 0,
                  <!-- num verts    --> 1454,
                  <!-- start index  --> 0,
                  <!-- num indices  --> 2034,
                  <!-- start mesh   --> 0,
                  <!-- num meshes   --> 7,
                  <!-- bounding box -->  25.077562,     12.677815,    95.806267,
                                        -25.279892,    -20.104073,  -105.68471,
                  <!-- center       -->  -0.090476803,  -3.6515334,   -4.5767164,
                  <!-- radius       --> 101.36343
               </VMeshRef>
            </VMeshPart>
         </Level3>
         <Level4>
            <VMeshPart>
               <VMeshRef type="VMeshRef">
                  <!-- header size  --> 60,
                  <!-- vmesh lib    --> data.ships.utility.freight_train.freight_trainx3.lod4-112.vms,
                  <!-- start vert   --> 0,
                  <!-- num verts    --> 820,
                  <!-- start index  --> 0,
                  <!-- num indices  --> 1074,
                  <!-- start mesh   --> 0,
                  <!-- num meshes   --> 6,
                  <!-- bounding box -->  25.077562,     12.677815,    95.806267,
                                        -25.279892,    -20.104073,  -105.68471,
                  <!-- center       -->  -0.090476803,  -3.6515334,   -4.5767164,
                  <!-- radius       --> 101.36343
               </VMeshRef>
            </VMeshPart>
         </Level4>
         <Switch2 type="float array" count="6">
            0,
            100,
            1000,
            10000,
            100000,
            1000000
         </Switch2>
      </MultiLevel>
   </UTF_ROOT>
</UTFXML>
