<?xml version="1.0" encoding="ISO-8859-1"?>
<!-- XML generated by UTFXML Version 2.2 built 19-Aug-2010 -->
<UTFXML filename="no_fighter.3db" path="SHIPS\CUSTOM\Nomad">
   <UTF_ROOT>
      <VMeshLibrary>
         <data.ships.nomad.no_fighter.no_fighter.lod0-112.vms include="no_fighter_3db\lod0-112.vms.xml"/>
         <data.ships.nomad.no_fighter.no_fighter.lod1-112.vms include="no_fighter_3db\lod1-112.vms.xml"/>
         <data.ships.nomad.no_fighter.no_fighter.lod2-112.vms include="no_fighter_3db\lod2-112.vms.xml"/>
      </VMeshLibrary>
      <Exporter_Version name="Exporter Version" type="text">Nov  5 2002 11:41:55</Exporter_Version>
      <VMeshWire include="no_fighter_3db\no_fighter.vwd.xml"/>
      <MultiLevel>
         <Switch2 type="float array" count="4">
            0,
            100,
            1000,
            1000000
         </Switch2>
         <Level0>
            <VMeshPart>
               <VMeshRef type="VMeshRef">
                  <!-- header size  --> 60,
                  <!-- vmesh lib    --> data.ships.nomad.no_fighter.no_fighter.lod0-112.vms,
                  <!-- start vert   --> 0,
                  <!-- num verts    --> 850,
                  <!-- start index  --> 0,
                  <!-- num indices  --> 3366,
                  <!-- start mesh   --> 0,
                  <!-- num meshes   --> 2,
                  <!-- bounding box -->  4.7663407,     5.5185685,  8.6119127,
                                        -4.7733617,    -2.7442462, -8.6119118,
                  <!-- center       --> -0.0034666329,  1.3698367,  0.0013605866,
                  <!-- radius       --> 8.7215204
               </VMeshRef>
            </VMeshPart>
         </Level0>
         <Level1>
            <VMeshPart>
               <VMeshRef type="VMeshRef">
                  <!-- header size  --> 60,
                  <!-- vmesh lib    --> data.ships.nomad.no_fighter.no_fighter.lod1-112.vms,
                  <!-- start vert   --> 0,
                  <!-- num verts    --> 497,
                  <!-- start index  --> 0,
                  <!-- num indices  --> 1728,
                  <!-- start mesh   --> 0,
                  <!-- num meshes   --> 2,
                  <!-- bounding box -->  4.7663407,     5.5185685,  8.6119127,
                                        -4.7733617,    -2.7442462, -8.6119118,
                  <!-- center       --> -0.0034666329,  1.3698367,  0.0013605866,
                  <!-- radius       --> 8.7215204
               </VMeshRef>
            </VMeshPart>
         </Level1>
         <Level2>
            <VMeshPart>
               <VMeshRef type="VMeshRef">
                  <!-- header size  --> 60,
                  <!-- vmesh lib    --> data.ships.nomad.no_fighter.no_fighter.lod2-112.vms,
                  <!-- start vert   --> 0,
                  <!-- num verts    --> 234,
                  <!-- start index  --> 0,
                  <!-- num indices  --> 930,
                  <!-- start mesh   --> 0,
                  <!-- num meshes   --> 1,
                  <!-- bounding box -->  4.7663407,     5.5185685,  8.6119127,
                                        -4.7733617,    -2.7442462, -8.6119118,
                  <!-- center       --> -0.0034666329,  1.3698367,  0.0013605866,
                  <!-- radius       --> 8.7215204
               </VMeshRef>
            </VMeshPart>
         </Level2>
      </MultiLevel>
      <Hardpoints>
         <Fixed>
            <HpMount>
               <Position type="Vector">-0.0029332617, -2.7210207, 1.3957461</Position>
               <Orientation type="Matrix">
                    1.0000000000,  197.44945e-09, -76.052629e-09,
                  -197.44944e-09,   1.0000000000,  124.10027e-09,
                   76.052650e-09, -124.10025e-09,   1.0000000000
               </Orientation>
            </HpMount>
            <HpEngine01>
               <Position type="Vector">-0.0027753431, 0.0042820354, 8.8218908</Position>
               <Orientation type="Matrix">
                    1.0000000000, -159.05512e-09, -189.41198e-09,
                   159.05505e-09,   1.0000000000, -412.24695e-09,
                   189.41205e-09,  412.24692e-09,   1.0000000000
               </Orientation>
            </HpEngine01>
            <HpCockpit>
               <Position type="Vector">-0.0016508104, -4.827033, 2.0742614</Position>
               <Orientation type="Matrix">
                    1.0000000000,  66.818259e-09,  277.38471e-09,
                  -66.818295e-09,   1.0000000000,  133.22564e-09,
                  -277.38471e-09, -133.22565e-09,   1.0000000000
               </Orientation>
            </HpCockpit>
            <HpPilot>
               <Position type="Vector">-0.0051413774, -3.9056106, 2.0742614</Position>
               <Orientation type="Matrix">
                    1.0000000000,  66.818259e-09,  277.38471e-09,
                  -66.818295e-09,   1.0000000000,  133.22564e-09,
                  -277.38471e-09, -133.22565e-09,   1.0000000000
               </Orientation>
            </HpPilot>
            <HpThruster01>
               <Position type="Vector">-0.002775, 0.004282, 8.3623581</Position>
               <Orientation type="Matrix">
                    1.0000000000,   0.0000000000,   0.0000000000,
                    0.0000000000,   1.0000000000,   0.0000000000,
                    0.0000000000,   0.0000000000,   1.0000000000
               </Orientation>
            </HpThruster01>
            <HpShield01>
               <Orientation type="Matrix">
                    1.0000000000,   0.0000000000,   0.0000000000,
                    0.0000000000,   1.0000000000,   0.0000000000,
                    0.0000000000,   0.0000000000,   1.0000000000
               </Orientation>
               <Position type="Vector">0, 0, 0</Position>
            </HpShield01>
            <HpShield02>
               <Orientation type="Matrix">
                    1.0000000000,   0.0000000000,   0.0000000000,
                    0.0000000000,   1.0000000000,   0.0000000000,
                    0.0000000000,   0.0000000000,   1.0000000000
               </Orientation>
               <Position type="Vector">0, 0, 3.5</Position>
            </HpShield02>
            <HpMine01>
               <Orientation type="Matrix">
                    1.0000000000,   0.0000000000,   0.0000000000,
                    0.0000000000,   1.0000000000,   0.0000000000,
                    0.0000000000,   0.0000000000,   1.0000000000
               </Orientation>
               <Position type="Vector">0, -0.53629202, 6.9062619</Position>
            </HpMine01>
            <HpCM01>
               <Orientation type="Matrix">
                    1.0000000000,   0.0000000000,   0.0000000000,
                    0.0000000000,   1.0000000000,   0.0000000000,
                    0.0000000000,   0.0000000000,   1.0000000000
               </Orientation>
               <Position type="Vector">-0.001525, -0.73351198, 4.1604071</Position>
            </HpCM01>
            <HpTractor_Source>
               <Orientation type="Matrix">
                    1.0000000000,   0.0000000000,   0.0000000000,
                    0.0000000000,   1.0000000000,   0.0000000000,
                    0.0000000000,   0.0000000000,   1.0000000000
               </Orientation>
               <Position type="Vector">0, 0, 0</Position>
            </HpTractor_Source>
            <HpContrail01>
               <Orientation type="Matrix">
                    1.0000000000,   0.0000000000,   0.0000000000,
                    0.0000000000,   1.0000000000,   0.0000000000,
                    0.0000000000,   0.0000000000,   1.0000000000
               </Orientation>
               <Position type="Vector">0.003081, 5.4134479, 2.5281351</Position>
            </HpContrail01>
            <HpContrail02>
               <Orientation type="Matrix">
                    1.0000000000,   0.0000000000,   0.0000000000,
                    0.0000000000,   1.0000000000,   0.0000000000,
                    0.0000000000,   0.0000000000,   1.0000000000
               </Orientation>
               <Position type="Vector">4.6991038, -2.6873381, 2.503015</Position>
            </HpContrail02>
            <HpContrail03>
               <Orientation type="Matrix">
                    1.0000000000,   0.0000000000,   0.0000000000,
                    0.0000000000,   1.0000000000,   0.0000000000,
                    0.0000000000,   0.0000000000,   1.0000000000
               </Orientation>
               <Position type="Vector">-4.7064052, -2.7018399, 2.491255</Position>
            </HpContrail03>
            <Hpnew01>
               <Orientation type="Matrix">
                    1.0000000000,   0.0000000000,   0.0000000000,
                    0.0000000000,   1.0000000000,   0.0000000000,
                    0.0000000000,   0.0000000000,   1.0000000000
               </Orientation>
               <Position type="Vector">0, 0, 0</Position>
            </Hpnew01>
            <Hpnew02>
               <Orientation type="Matrix">
                    1.0000000000,   0.0000000000,   0.0000000000,
                    0.0000000000,   1.0000000000,   0.0000000000,
                    0.0000000000,   0.0000000000,   1.0000000000
               </Orientation>
               <Position type="Vector">0, 0, 0</Position>
            </Hpnew02>
            <Hpnew03>
               <Orientation type="Matrix">
                    1.0000000000,   0.0000000000,   0.0000000000,
                    0.0000000000,   1.0000000000,   0.0000000000,
                    0.0000000000,   0.0000000000,   1.0000000000
               </Orientation>
               <Position type="Vector">0, 0, 0</Position>
            </Hpnew03>
            <HpCloak01>
               <Orientation type="Matrix">
                    1.0000000000,   0.0000000000,   0.0000000000,
                    0.0000000000,   1.0000000000,   0.0000000000,
                    0.0000000000,   0.0000000000,   1.0000000000
               </Orientation>
               <Position type="Vector">0, 0, 0</Position>
            </HpCloak01>
         </Fixed>
         <Revolute>
            <HpWeapon01>
               <Position type="Vector">0.051941, 5.1950898, 3.052726</Position>
               <Orientation type="Matrix">
                    1.0000000000,   0.0000000000,   0.0000000000,
                    0.0000000000,   1.0000000000,   0.0000000000,
                    0.0000000000,   0.0000000000,   1.0000000000
               </Orientation>
               <Axis type="Vector">0, 1, 0</Axis>
               <Min type="float">-3.1415927</Min>
               <Max type="float">3.1415927</Max>
            </HpWeapon01>
            <HpWeapon02>
               <Position type="Vector">4.7513371, -2.7205861, 2.2053289</Position>
               <Orientation type="Matrix">
                   -0.4848095200,   0.8746197200,   0.0000000000,
                   -0.8746197200,  -0.4848095200,   0.0000000000,
                    0.0000000000,   0.0000000000,   1.0000000000
               </Orientation>
               <Axis type="Vector">0, 1, 0</Axis>
               <Min type="float">-3.1415927</Min>
               <Max type="float">3.1415927</Max>
            </HpWeapon02>
            <HpWeapon03>
               <Position type="Vector">-4.762217, -2.720588, 2.205328</Position>
               <Orientation type="Matrix">
                   -0.5000001200,  -0.8660253300,  -0.0000000000,
                    0.8660253300,  -0.5000001200,   0.0000000000,
                    0.0000000000,  -0.0000000000,   1.0000000000
               </Orientation>
               <Axis type="Vector">0, 1, 0</Axis>
               <Min type="float">-3.1415927</Min>
               <Max type="float">3.1415927</Max>
            </HpWeapon03>
            <HpTorpedo01>
               <Position type="Vector">-0.0036515391, 0.015111146, -7.0680504</Position>
               <Orientation type="Matrix">
                    1.0000000000, -171.90632e-09, -1.1257463e-06,
                   171.90607e-09,   1.0000000000, -232.76894e-09,
                   1.1257463e-06,  232.76874e-09,   1.0000000000
               </Orientation>
               <Axis type="Vector">0, 1, 0</Axis>
               <Min type="float">-0.5236</Min>
               <Max type="float">0.52358001</Max>
            </HpTorpedo01>
            <HpWeapon04>
               <Axis type="Vector">0, 1, 0</Axis>
               <Max type="float">6.2831855</Max>
               <Min type="float">-6.2831855</Min>
               <Orientation type="Matrix">
                   59.604645e-09,   0.9999998800,   0.0000000000,
                   -0.9999998800,  59.604645e-09,   0.0000000000,
                    0.0000000000,   0.0000000000,   1.0000000000
               </Orientation>
               <Position type="Vector">2.334008, 0, 0</Position>
            </HpWeapon04>
            <HpWeapon05>
               <Axis type="Vector">0, 1, 0</Axis>
               <Max type="float">6.2831855</Max>
               <Min type="float">-6.2831855</Min>
               <Orientation type="Matrix">
                   59.604645e-09,  -0.9999998800,  -0.0000000000,
                    0.9999998800,  59.604645e-09,   0.0000000000,
                    0.0000000000,  -0.0000000000,   1.0000000000
               </Orientation>
               <Position type="Vector">-2.334008, 0, 0</Position>
            </HpWeapon05>
            <HpTurret01>
               <Axis type="Vector">0, 1, 0</Axis>
               <Max type="float">3.1415927</Max>
               <Min type="float">-3.1415927</Min>
               <Orientation type="Matrix">
                    1.0000000000,   0.0000000000,   0.0000000000,
                    0.0000000000,   1.0000000000,   0.0000000000,
                    0.0000000000,   0.0000000000,   1.0000000000
               </Orientation>
               <Position type="Vector">0, 2.334008, 0</Position>
            </HpTurret01>
            <HpTurret02>
               <Axis type="Vector">0, 1, 0</Axis>
               <Max type="float">3.1415927</Max>
               <Min type="float">-3.1415927</Min>
               <Orientation type="Matrix">
                    1.0000000000,   0.0000000000,   0.0000000000,
                    0.0000000000,   1.0000000000,   0.0000000000,
                    0.0000000000,   0.0000000000,   1.0000000000
               </Orientation>
               <Position type="Vector">0, -2.334008, 0</Position>
            </HpTurret02>
            <HpTorpedo02>
               <Axis type="Vector">0, 1, 0</Axis>
               <Max type="float">3.1415927</Max>
               <Min type="float">-3.1415927</Min>
               <Orientation type="Matrix">
                    1.0000000000,   0.0000000000,   0.0000000000,
                    0.0000000000,   1.0000000000,   0.0000000000,
                    0.0000000000,   0.0000000000,   1.0000000000
               </Orientation>
               <Position type="Vector">0, 2.8656299, 5.9242349</Position>
            </HpTorpedo02>
            <HpWeapon06>
               <Axis type="Vector">0, 1, 0</Axis>
               <Max type="float">3.1415927</Max>
               <Min type="float">-3.1415927</Min>
               <Orientation type="Matrix">
                    0.7660445000,  -0.6427875800,  -0.0000000000,
                    0.6427875800,   0.7660445000,   0.0000000000,
                    0.0000000000,  -0.0000000000,   1.0000000000
               </Orientation>
               <Position type="Vector">-1.650878, 1.669113, 0.27560401</Position>
            </HpWeapon06>
            <HpWeapon07>
               <Axis type="Vector">0, 1, 0</Axis>
               <Max type="float">3.1415927</Max>
               <Min type="float">-3.1415927</Min>
               <Orientation type="Matrix">
                    0.7660445000,   0.6427875800,   0.0000000000,
                   -0.6427875800,   0.7660445000,   0.0000000000,
                    0.0000000000,   0.0000000000,   1.0000000000
               </Orientation>
               <Position type="Vector">1.650878, 1.669113, 0.27560401</Position>
            </HpWeapon07>
         </Revolute>
      </Hardpoints>
      <Material_library name="Material library">
         <Material_count name="Material count" type="int">2</Material_count>
         <Nomad_surface name="Nomad surface">
            <Type type="text">DcDtBtOcOtTwo</Type>
            <Dt_name type="text">N-dtl2-256.TGA</Dt_name>
            <Dt_flags type="int">0x40</Dt_flags>
            <Bt_name type="text">Nomad_gradiant1.tga</Bt_name>
            <Bt_flags type="int">0x40</Bt_flags>
            <Oc type="float">0.6</Oc>
         </Nomad_surface>
         <Nomad_frame name="Nomad frame">
            <Type type="text">DcDtBtOcOtTwo</Type>
            <Dt_name type="text">N-dtl1-64.tga</Dt_name>
            <Dt_flags type="int">0x40</Dt_flags>
            <Bt_name type="text">Nomad_gradiant3.tga</Bt_name>
            <Bt_flags type="int">0x40</Bt_flags>
            <Oc type="float">0.8</Oc>
         </Nomad_frame>
      </Material_library>
      <Texture_library name="Texture library">
         <Nomad_gradiant3.tga>
            <MIPS type="file" filename="no_fighter_3db\Nomad_gradiant3.dds"/>
         </Nomad_gradiant3.tga>
         <N-dtl1-64.tga>
            <MIPS type="file" filename="no_fighter_3db\N-dtl1-64.dds"/>
         </N-dtl1-64.tga>
         <Nomad_gradiant1.tga>
            <MIPS type="file" filename="no_fighter_3db\Nomad_gradiant1.dds"/>
         </Nomad_gradiant1.tga>
         <N-dtl2-256.TGA>
            <MIPS type="file" filename="no_fighter_3db\N-dtl2-256.dds"/>
         </N-dtl2-256.TGA>
      </Texture_library>
   </UTF_ROOT>
</UTFXML>
