<?xml version="1.0" encoding="ISO-8859-1"?>
<!-- XML generated by UTFXML Version 2.2 built 19-Aug-2010 -->
<UTFXML filename="commsat.3db" path="SOLAR\MISC">
   <UTF_ROOT>
      <VMeshLibrary>
         <data.solar.misc.commsat.lod0-112.vms include="commsat_3db\lod0-112.vms.xml"/>
         <data.solar.misc.commsat.lod1-112.vms include="commsat_3db\lod1-112.vms.xml"/>
         <data.solar.misc.commsat.lod2-112.vms include="commsat_3db\lod2-112.vms.xml"/>
      </VMeshLibrary>
      <Exporter_Version name="Exporter Version" type="text">Feb 12 2002 15:36:19</Exporter_Version>
      <Hardpoints>
         <Fixed>
            <HpRunningLight01>
               <Orientation type="Matrix">
                  -39.631878e-09,  -1.0000000000,  121.13611e-09,
                   619.67677e-09, -121.13614e-09,  -1.0000000000,
                    1.0000000000, -39.631804e-09,  619.67677e-09
               </Orientation>
               <Position type="Vector">-0.013150811, 26.352507, 0.00299719</Position>
            </HpRunningLight01>
            <HpRunningLight02>
               <Orientation type="Matrix">
                    0.2588086700,  -0.0087259011,  -0.9658892200,
                    0.0021853924,   0.9999619100,  -0.0084481435,
                    0.9659261100,  75.605822e-06,   0.2588178800
               </Orientation>
               <Position type="Vector">13.686228, 12.294788, -3.8698304</Position>
            </HpRunningLight02>
            <HpRunningLight03>
               <Orientation type="Matrix">
                    0.7253740400,  718.36172e-09,   0.6883549700,
                  -876.49471e-09,   1.0000000000, -119.96039e-09,
                   -0.6883549700, -516.32327e-09,   0.7253740400
               </Orientation>
               <Position type="Vector">-10.364289, 12.180277, -10.53936</Position>
            </HpRunningLight03>
            <HpRunningLight04>
               <Orientation type="Matrix">
                   -0.9658888600,  -0.0087262588,   0.2588100100,
                   -0.0084290402,   0.9999619100,   0.0022580689,
                   -0.2588198500, -476.43516e-09,  -0.9659256300
               </Orientation>
               <Position type="Vector">-3.8144813, 12.152495, 14.25532</Position>
            </HpRunningLight04>
            <HpRunningLight05>
               <Orientation type="Matrix">
                   -0.9636302600, -171.48845e-09,  -0.2672391500,
                   14.027830e-09,  -1.0000000000,  591.12148e-09,
                   -0.2672391500,  565.87373e-09,   0.9636302600
               </Orientation>
               <Position type="Vector">0.60737073, 4.0072565, -2.4194078</Position>
            </HpRunningLight05>
            <HpRunningLight06>
               <Orientation type="Matrix">
                    0.7193405600, -230.85663e-09,  -0.6946576200,
                  -362.94531e-09,  -1.0000000000, -43.510152e-09,
                   -0.6946576200,  283.42134e-09,  -0.7193405600
               </Orientation>
               <Position type="Vector">1.7868141, 4.0072637, 1.6924834</Position>
            </HpRunningLight06>
            <HpRunningLight07>
               <Orientation type="Matrix">
                    0.2503791700, -20.788116e-09,   0.9681478700,
                   398.96085e-09,  -1.0000000000, -124.64997e-09,
                    0.9681478700,  417.46284e-09,  -0.2503791700
               </Orientation>
               <Position type="Vector">-2.391645, 4.0072594, 0.70818025</Position>
            </HpRunningLight07>
            <HpRunningLight08>
               <Orientation type="Matrix">
                   -0.9636301400, -84.637804e-09,  -0.2672394200,
                   39.421582e-09,  -1.0000000000,  174.56246e-09,
                   -0.2672394200,  157.67866e-09,   0.9636301400
               </Orientation>
               <Position type="Vector">2.0362875, -17.119593, -7.5719099</Position>
            </HpRunningLight08>
            <HpRunningLight09>
               <Orientation type="Matrix">
                    0.2503791200, -37.021604e-09,   0.9681478700,
                  -126.96962e-09,  -1.0000000000, -5.4031624e-09,
                    0.9681478700, -121.57253e-09,  -0.2503791200
               </Orientation>
               <Position type="Vector">-7.5683107, -17.119587, 2.0469553</Position>
            </HpRunningLight09>
            <HpRunningLight10>
               <Orientation type="Matrix">
                    0.7193407400, -276.51816e-09,  -0.6946573900,
                   6.7008123e-09,  -1.0000000000,  405.00302e-09,
                   -0.6946573900, -295.98993e-09,  -0.7193407400
               </Orientation>
               <Position type="Vector">5.5011277, -17.119585, 5.5387807</Position>
            </HpRunningLight10>
            <HpShield01>
               <Orientation type="Matrix">
                   252.73803e-09,  294.79222e-09,   1.0000000000,
                  -993.23245e-09,  -1.0000000000,  294.79247e-09,
                    1.0000000000, -993.23256e-09, -252.73775e-09
               </Orientation>
               <Position type="Vector">-0.01839602, -21.543541, -62.157866e-6</Position>
            </HpShield01>
         </Fixed>
      </Hardpoints>
      <VMeshWire include="commsat_3db\commsat.vwd.xml"/>
      <MultiLevel>
         <Level0>
            <VMeshPart>
               <VMeshRef type="VMeshRef">
                  <!-- header size  --> 60,
                  <!-- vmesh lib    --> data.solar.misc.commsat.lod0-112.vms,
                  <!-- start vert   --> 0,
                  <!-- num verts    --> 3662,
                  <!-- start index  --> 0,
                  <!-- num indices  --> 4797,
                  <!-- start mesh   --> 0,
                  <!-- num meshes   --> 5,
                  <!-- bounding box -->  13.732257,   28.105627,  13.827133,
                                        -10.308848,  -21.538336, -10.041346,
                  <!-- center       -->   1.4038516,   4.689765,   1.8633869,
                  <!-- radius       --> 26.509586
               </VMeshRef>
            </VMeshPart>
         </Level0>
         <Level1>
            <VMeshPart>
               <VMeshRef type="VMeshRef">
                  <!-- header size  --> 60,
                  <!-- vmesh lib    --> data.solar.misc.commsat.lod1-112.vms,
                  <!-- start vert   --> 0,
                  <!-- num verts    --> 1308,
                  <!-- start index  --> 0,
                  <!-- num indices  --> 2055,
                  <!-- start mesh   --> 0,
                  <!-- num meshes   --> 3,
                  <!-- bounding box -->  13.732257,   28.105627,  13.827133,
                                        -10.308848,  -21.538336, -10.041346,
                  <!-- center       -->   1.4038516,   4.689765,   1.8633869,
                  <!-- radius       --> 26.509586
               </VMeshRef>
            </VMeshPart>
         </Level1>
         <Level2>
            <VMeshPart>
               <VMeshRef type="VMeshRef">
                  <!-- header size  --> 60,
                  <!-- vmesh lib    --> data.solar.misc.commsat.lod2-112.vms,
                  <!-- start vert   --> 0,
                  <!-- num verts    --> 493,
                  <!-- start index  --> 0,
                  <!-- num indices  --> 750,
                  <!-- start mesh   --> 0,
                  <!-- num meshes   --> 4,
                  <!-- bounding box -->  13.732257,   28.105627,  13.827133,
                                        -10.308848,  -21.538336, -10.041346,
                  <!-- center       -->   1.4038516,   4.689765,   1.8633869,
                  <!-- radius       --> 26.509586
               </VMeshRef>
            </VMeshPart>
         </Level2>
         <Switch2 type="float array" count="4">
            0,
            100,
            1000,
            1000000
         </Switch2>
      </MultiLevel>
   </UTF_ROOT>
</UTFXML>
