<?xml version="1.0" encoding="ISO-8859-1"?>
<!-- XML generated by UTFXML Version 2.2 built 19-Aug-2010 -->
<UTFXML filename="dyson_city.3db" path="SOLAR\MISC">
   <UTF_ROOT>
      <VMeshLibrary>
         <data.solar.misc.dyson_city.lod0-212.vms include="dyson_city_3db\lod0-212.vms.xml"/>
      </VMeshLibrary>
      <Exporter_Version name="Exporter Version" type="text">Aug 24 2002 12:33:14</Exporter_Version>
      <Hardpoints>
         <Revolute>
            <HpFX01>
               <Axis type="Vector">0, 1, 0</Axis>
               <Max type="float">6.2831855</Max>
               <Min type="float">-6.2831855</Min>
               <Orientation type="Matrix">
                  -427.39657e-09, -101.57741e-09,   1.0000000000,
                   209.21938e-09,  -1.0000000000, -101.57731e-09,
                    1.0000000000,  209.21934e-09,  427.39660e-09
               </Orientation>
               <Position type="Vector">-0.024996158, -570.58282, 28.86212</Position>
            </HpFX01>
            <HpFX02>
               <Axis type="Vector">0, 1, 0</Axis>
               <Max type="float">6.2831855</Max>
               <Min type="float">-6.2831855</Min>
               <Orientation type="Matrix">
                    0.2249508100,   0.9743701200, -206.40253e-09,
                   22.303444e-09,  206.68260e-09,   1.0000000000,
                    0.9743701200,  -0.2249508100,  24.761608e-09
               </Orientation>
               <Position type="Vector">3242.8958, 0.66316557, -720.19769</Position>
            </HpFX02>
            <HpFX03>
               <Axis type="Vector">0, 1, 0</Axis>
               <Max type="float">6.2831855</Max>
               <Min type="float">-6.2831855</Min>
               <Orientation type="Matrix">
                   -0.9238796200,   0.3826832500, -217.46069e-09,
                  -182.16505e-09,  128.46688e-09,   1.0000000000,
                    0.3826832500,   0.9238796200, -48.976418e-09
               </Orientation>
               <Position type="Vector">997.35852, 0.66204065, 2725.103</Position>
            </HpFX03>
            <HpFX04>
               <Axis type="Vector">0, 1, 0</Axis>
               <Max type="float">6.2831855</Max>
               <Min type="float">-6.2831855</Min>
               <Orientation type="Matrix">
                   -0.5948226500,  -0.8038569700, -258.14830e-09,
                  -214.22234e-09, -162.62098e-09,   1.0000000000,
                   -0.8038569700,   0.5948226500, -75.473487e-09
               </Orientation>
               <Position type="Vector">-2377.6846, 0.66185164, 1703.1123</Position>
            </HpFX04>
            <HpFX05>
               <Axis type="Vector">0, 1, 0</Axis>
               <Max type="float">6.2831855</Max>
               <Min type="float">-6.2831855</Min>
               <Orientation type="Matrix">
                    0.2079119800,  -0.9781475700, -299.62266e-09,
                  -126.36410e-09, -333.17599e-09,   1.0000000000,
                   -0.9781475700,  -0.2079119800, -192.87401e-09
               </Orientation>
               <Position type="Vector">-3333.6035, 0.66129559, -637.00635</Position>
            </HpFX05>
            <HpFX06>
               <Axis type="Vector">0, 1, 0</Axis>
               <Max type="float">6.2831855</Max>
               <Min type="float">-6.2831855</Min>
               <Orientation type="Matrix">
                    0.9969173100,   0.0784593080, -229.76455e-09,
                   231.77000e-09, -16.454072e-09,   1.0000000000,
                    0.0784593080,  -0.9969173100, -34.587863e-09
               </Orientation>
               <Position type="Vector">8.6027946, 0.66222262, -2386.1306</Position>
            </HpFX06>
            <HpFX07>
               <Axis type="Vector">0, 1, 0</Axis>
               <Max type="float">6.2831855</Max>
               <Min type="float">-6.2831855</Min>
               <Orientation type="Matrix">
                  -67.644599e-09, -28.406207e-09,  -1.0000000000,
                   229.88277e-09,   1.0000000000, -28.406223e-09,
                    1.0000000000, -229.88277e-09, -67.644592e-09
               </Orientation>
               <Position type="Vector">-0.024294455, 3958.5803, 28.861471</Position>
            </HpFX07>
            <HpFX08>
               <Axis type="Vector">0, 1, 0</Axis>
               <Max type="float">6.2831855</Max>
               <Min type="float">-6.2831855</Min>
               <Orientation type="Matrix">
                    0.2249508100,   0.9743701200, -206.40253e-09,
                   22.303444e-09,  206.68260e-09,   1.0000000000,
                    0.9743701200,  -0.2249508100,  24.761608e-09
               </Orientation>
               <Position type="Vector">5848.5493, 0.66203237, -1321.7595</Position>
            </HpFX08>
            <HpFX09>
               <Axis type="Vector">0, 1, 0</Axis>
               <Max type="float">6.2831855</Max>
               <Min type="float">-6.2831855</Min>
               <Orientation type="Matrix">
                   -0.9238796200,   0.3826832500, -217.46069e-09,
                  -182.16505e-09,  128.46688e-09,   1.0000000000,
                    0.3826832500,   0.9238796200, -48.976418e-09
               </Orientation>
               <Position type="Vector">2021.3304, 0.66120869, 5239.5049</Position>
            </HpFX09>
            <HpFX10>
               <Axis type="Vector">0, 1, 0</Axis>
               <Max type="float">6.2831855</Max>
               <Min type="float">-6.2831855</Min>
               <Orientation type="Matrix">
                   -0.5948226500,  -0.8038569700, -258.14830e-09,
                  -214.22234e-09, -162.62098e-09,   1.0000000000,
                   -0.8038569700,   0.5948226500, -75.473487e-09
               </Orientation>
               <Position type="Vector">-4589.3047, 0.66114533, 3339.6243</Position>
            </HpFX10>
            <HpFX11>
               <Axis type="Vector">0, 1, 0</Axis>
               <Max type="float">6.2831855</Max>
               <Min type="float">-6.2831855</Min>
               <Orientation type="Matrix">
                    0.2164398700,  -0.9762959500, -270.29168e-09,
                  -187.78152e-09, -318.48447e-09,   1.0000000000,
                   -0.9762959500,  -0.2164398700, -252.26308e-09
               </Orientation>
               <Position type="Vector">-5963.6465, 0.66017598, -1211.059</Position>
            </HpFX11>
            <HpFX12>
               <Axis type="Vector">0, 1, 0</Axis>
               <Max type="float">6.2831855</Max>
               <Min type="float">-6.2831855</Min>
               <Orientation type="Matrix">
                    0.9969173100,   0.0784593080, -229.76455e-09,
                   231.77000e-09, -16.454072e-09,   1.0000000000,
                    0.0784593080,  -0.9969173100, -34.587863e-09
               </Orientation>
               <Position type="Vector">224.00194, 0.66080344, -5123.0288</Position>
            </HpFX12>
            <HpFX13>
               <Axis type="Vector">0, 1, 0</Axis>
               <Max type="float">6.2831855</Max>
               <Min type="float">-6.2831855</Min>
               <Orientation type="Matrix">
                   458.03367e-09,  98.517965e-09,   1.0000000000,
                  -102.21162e-09,   1.0000000000, -98.517916e-09,
                   -1.0000000000, -102.21158e-09,  458.03367e-09
               </Orientation>
               <Position type="Vector">-0.024996158, -570.58282, 28.86212</Position>
            </HpFX13>
            <HpGenerator01>
               <Axis type="Vector">0, 1, 0</Axis>
               <Max type="float">6.2831855</Max>
               <Min type="float">-6.2831855</Min>
               <Orientation type="Matrix">
                    1.0000000000,  357.00816e-09, -99.345677e-09,
                  -357.00819e-09,   1.0000000000, -299.34625e-09,
                   99.345570e-09,  299.34628e-09,   1.0000000000
               </Orientation>
               <Position type="Vector">6256.9355, 0.66185468, -1416.0427</Position>
            </HpGenerator01>
            <HpGenerator02>
               <Axis type="Vector">0, 1, 0</Axis>
               <Max type="float">6.2831855</Max>
               <Min type="float">-6.2831855</Min>
               <Orientation type="Matrix">
                    1.0000000000,  352.14245e-09, -119.71935e-09,
                  -352.14248e-09,   1.0000000000, -275.04200e-09,
                   119.71925e-09,  275.04203e-09,   1.0000000000
               </Orientation>
               <Position type="Vector">2164.6917, 0.66143227, 5608.0381</Position>
            </HpGenerator02>
            <HpGenerator03>
               <Axis type="Vector">0, 1, 0</Axis>
               <Max type="float">6.2831855</Max>
               <Min type="float">-6.2831855</Min>
               <Orientation type="Matrix">
                    1.0000000000,  352.14245e-09, -119.71935e-09,
                  -352.14248e-09,   1.0000000000, -275.04200e-09,
                   119.71925e-09,  275.04203e-09,   1.0000000000
               </Orientation>
               <Position type="Vector">-4939.9897, 0.66143233, 3613.3333</Position>
            </HpGenerator03>
            <HpGenerator04>
               <Axis type="Vector">0, 1, 0</Axis>
               <Max type="float">6.2831855</Max>
               <Min type="float">-6.2831855</Min>
               <Orientation type="Matrix">
                    1.0000000000,  352.14245e-09, -119.71935e-09,
                  -352.14248e-09,   1.0000000000, -275.04200e-09,
                   119.71925e-09,  275.04203e-09,   1.0000000000
               </Orientation>
               <Position type="Vector">-6375.4863, 0.66143209, -1300.7726</Position>
            </HpGenerator04>
            <HpGenerator05>
               <Axis type="Vector">0, 1, 0</Axis>
               <Max type="float">6.2831855</Max>
               <Min type="float">-6.2831855</Min>
               <Orientation type="Matrix">
                    1.0000000000,  352.14245e-09, -119.71935e-09,
                  -352.14248e-09,   1.0000000000, -275.04200e-09,
                   119.71925e-09,  275.04203e-09,   1.0000000000
               </Orientation>
               <Position type="Vector">255.211, 0.66143203, -5512.9277</Position>
            </HpGenerator05>
            <HpMount>
               <Axis type="Vector">0, 1, 0</Axis>
               <Max type="float">6.2831855</Max>
               <Min type="float">-6.2831855</Min>
               <Orientation type="Matrix">
                  -427.39657e-09, -101.57741e-09,   1.0000000000,
                   209.21938e-09,  -1.0000000000, -101.57731e-09,
                    1.0000000000,  209.21934e-09,  427.39660e-09
               </Orientation>
               <Position type="Vector">-0.024996158, -1722.5665, 28.862001</Position>
            </HpMount>
            <HpPlatform01>
               <Axis type="Vector">0, 1, 0</Axis>
               <Max type="float">6.2831855</Max>
               <Min type="float">-6.2831855</Min>
               <Orientation type="Matrix">
                  -206.24462e-09,  176.49072e-09,  -1.0000000000,
                   191.65743e-09,   1.0000000000,  176.49067e-09,
                    1.0000000000, -191.65739e-09, -206.24465e-09
               </Orientation>
               <Position type="Vector">5906.8442, -28.653664, -2956.5662</Position>
            </HpPlatform01>
            <HpPlatform02>
               <Axis type="Vector">0, 1, 0</Axis>
               <Max type="float">6.2831855</Max>
               <Min type="float">-6.2831855</Min>
               <Orientation type="Matrix">
                  -206.24462e-09,  176.49072e-09,  -1.0000000000,
                   191.65743e-09,   1.0000000000,  176.49067e-09,
                    1.0000000000, -191.65739e-09, -206.24465e-09
               </Orientation>
               <Position type="Vector">7804.1143, -28.653736, -1776.6675</Position>
            </HpPlatform02>
            <HpPlatform03>
               <Axis type="Vector">0, 1, 0</Axis>
               <Max type="float">6.2831855</Max>
               <Min type="float">-6.2831855</Min>
               <Orientation type="Matrix">
                  -206.24462e-09,  176.49072e-09,  -1.0000000000,
                   191.65743e-09,   1.0000000000,  176.49067e-09,
                    1.0000000000, -191.65739e-09, -206.24465e-09
               </Orientation>
               <Position type="Vector">6618.8706, -28.653849, 118.48643</Position>
            </HpPlatform03>
            <HpPlatform04>
               <Axis type="Vector">0, 1, 0</Axis>
               <Max type="float">6.2831855</Max>
               <Min type="float">-6.2831855</Min>
               <Orientation type="Matrix">
                   -0.9832549700,  298.25981e-09,  -0.1822353300,
                   259.76658e-09,   1.0000000000,  235.09722e-09,
                    0.1822353300,  183.82185e-09,  -0.9832549700
               </Orientation>
               <Position type="Vector">3632.2012, -28.654146, 4979.0117</Position>
            </HpPlatform04>
            <HpPlatform05>
               <Axis type="Vector">0, 1, 0</Axis>
               <Max type="float">6.2831855</Max>
               <Min type="float">-6.2831855</Min>
               <Orientation type="Matrix">
                   -0.9832549700,  298.25981e-09,  -0.1822353300,
                   259.76658e-09,   1.0000000000,  235.09722e-09,
                    0.1822353300,  183.82185e-09,  -0.9832549700
               </Orientation>
               <Position type="Vector">2817.8098, -28.654264, 7059.5308</Position>
            </HpPlatform05>
            <HpPlatform06>
               <Axis type="Vector">0, 1, 0</Axis>
               <Max type="float">6.2831855</Max>
               <Min type="float">-6.2831855</Min>
               <Orientation type="Matrix">
                   -0.9832549700,  298.25981e-09,  -0.1822353300,
                   259.76658e-09,   1.0000000000,  235.09722e-09,
                    0.1822353300,  183.82185e-09,  -0.9832549700
               </Orientation>
               <Position type="Vector">738.39697, -28.654209, 6239.4995</Position>
            </HpPlatform06>
            <HpPlatform07>
               <Axis type="Vector">0, 1, 0</Axis>
               <Max type="float">6.2831855</Max>
               <Min type="float">-6.2831855</Min>
               <Orientation type="Matrix">
                   -0.3987487600, -60.197017e-09,   0.9170602000,
                   309.59731e-09,   1.0000000000,  200.25792e-09,
                   -0.9170602000,  363.77196e-09,  -0.3987487600
               </Orientation>
               <Position type="Vector">-3994.5269, -28.654137, 4884.7437</Position>
            </HpPlatform07>
            <HpPlatform08>
               <Axis type="Vector">0, 1, 0</Axis>
               <Max type="float">6.2831855</Max>
               <Min type="float">-6.2831855</Min>
               <Orientation type="Matrix">
                   -0.3987487600, -60.197017e-09,   0.9170602000,
                   309.59731e-09,   1.0000000000,  200.25792e-09,
                   -0.9170602000,  363.77196e-09,  -0.3987487600
               </Orientation>
               <Position type="Vector">-6204.9209, -28.65411, 4559.2397</Position>
            </HpPlatform08>
            <HpPlatform09>
               <Axis type="Vector">0, 1, 0</Axis>
               <Max type="float">6.2831855</Max>
               <Min type="float">-6.2831855</Min>
               <Orientation type="Matrix">
                   -0.3987487600, -60.197017e-09,   0.9170602000,
                   309.59731e-09,   1.0000000000,  200.25792e-09,
                   -0.9170602000,  363.77196e-09,  -0.3987487600
               </Orientation>
               <Position type="Vector">-5873.6733, -28.653973, 2348.6555</Position>
            </HpPlatform09>
            <HpPlatform10>
               <Axis type="Vector">0, 1, 0</Axis>
               <Max type="float">6.2831855</Max>
               <Min type="float">-6.2831855</Min>
               <Orientation type="Matrix">
                    0.4305112700, -268.86087e-09,   0.9025852100,
                   308.29344e-09,   1.0000000000,  150.83018e-09,
                   -0.9025852100,  213.32701e-09,   0.4305112700
               </Orientation>
               <Position type="Vector">-6713.9595, -28.653881, 243.24211</Position>
            </HpPlatform10>
            <HpPlatform11>
               <Axis type="Vector">0, 1, 0</Axis>
               <Max type="float">6.2831855</Max>
               <Min type="float">-6.2831855</Min>
               <Orientation type="Matrix">
                    0.4305112700, -268.86087e-09,   0.9025852100,
                   308.29344e-09,   1.0000000000,  150.83018e-09,
                   -0.9025852100,  213.32701e-09,   0.4305112700
               </Orientation>
               <Position type="Vector">-7918.4487, -28.65373, -1638.5128</Position>
            </HpPlatform11>
            <HpPlatform12>
               <Axis type="Vector">0, 1, 0</Axis>
               <Max type="float">6.2831855</Max>
               <Min type="float">-6.2831855</Min>
               <Orientation type="Matrix">
                    0.4305112700, -268.86087e-09,   0.9025852100,
                   308.29344e-09,   1.0000000000,  150.83018e-09,
                   -0.9025852100,  213.32701e-09,   0.4305112700
               </Orientation>
               <Position type="Vector">-6032.7813, -28.653685, -2838.7917</Position>
            </HpPlatform12>
            <HpPlatform13>
               <Axis type="Vector">0, 1, 0</Axis>
               <Max type="float">6.2831855</Max>
               <Min type="float">-6.2831855</Min>
               <Orientation type="Matrix">
                    0.9510564200, -190.45345e-09,  -0.3090172400,
                   239.18111e-09,   1.0000000000,  119.80326e-09,
                    0.3090172400, -187.85074e-09,   0.9510564200
               </Orientation>
               <Position type="Vector">-1308.0026, -28.65353, -5660.5068</Position>
            </HpPlatform13>
            <HpPlatform14>
               <Axis type="Vector">0, 1, 0</Axis>
               <Max type="float">6.2831855</Max>
               <Min type="float">-6.2831855</Min>
               <Orientation type="Matrix">
                    0.9510564200, -190.45345e-09,  -0.3090172400,
                   239.18111e-09,   1.0000000000,  119.80326e-09,
                    0.3090172400, -187.85074e-09,   0.9510564200
               </Orientation>
               <Position type="Vector">400.43646, -28.653421, -7100.3101</Position>
            </HpPlatform14>
            <HpPlatform15>
               <Axis type="Vector">0, 1, 0</Axis>
               <Max type="float">6.2831855</Max>
               <Min type="float">-6.2831855</Min>
               <Orientation type="Matrix">
                    0.9510564200, -190.45345e-09,  -0.3090172400,
                   239.18111e-09,   1.0000000000,  119.80326e-09,
                    0.3090172400, -187.85074e-09,   0.9510564200
               </Orientation>
               <Position type="Vector">1836.5757, -28.653542, -5387.4429</Position>
            </HpPlatform15>
            <HpShield01>
               <Axis type="Vector">0, 1, 0</Axis>
               <Max type="float">6.2831855</Max>
               <Min type="float">-6.2831855</Min>
               <Orientation type="Matrix">
                   458.03367e-09,  98.517965e-09,   1.0000000000,
                  -102.21162e-09,   1.0000000000, -98.517916e-09,
                   -1.0000000000, -102.21158e-09,  458.03367e-09
               </Orientation>
               <Position type="Vector">-0.024905268, 654.66913, 28.861994</Position>
            </HpShield01>
         </Revolute>
         <Fixed>
            <HpDockMountA>
               <Orientation type="Matrix">
                    1.0000000000,   0.0000000000,   0.0000000000,
                    0.0000000000,   1.0000000000,   0.0000000000,
                    0.0000000000,   0.0000000000,   1.0000000000
               </Orientation>
               <Position type="Vector">0, 3958, 0</Position>
            </HpDockMountA>
            <HpDockPointA01>
               <Orientation type="Matrix">
                    1.0000000000,   0.0000000000,   0.0000000000,
                    0.0000000000,   1.0000000000,   0.0000000000,
                    0.0000000000,   0.0000000000,   1.0000000000
               </Orientation>
               <Position type="Vector">0, 3500, 2000</Position>
            </HpDockPointA01>
            <HpDockPointA02>
               <Orientation type="Matrix">
                    1.0000000000,   0.0000000000,   0.0000000000,
                    0.0000000000,   1.0000000000,   0.0000000000,
                    0.0000000000,   0.0000000000,   1.0000000000
               </Orientation>
               <Position type="Vector">0, 1000, 5000</Position>
            </HpDockPointA02>
            <HpEffect01>
               <Orientation type="Matrix">
                   -0.9993908400,  -0.0348994510,  -0.0000000000,
                    0.0348994510,  -0.9993908400,   0.0000000000,
                    0.0000000000,  -0.0000000000,   1.0000000000
               </Orientation>
               <Position type="Vector">0, 1000, 0</Position>
            </HpEffect01>
            <Hpeffect02>
               <Orientation type="Matrix">
                    1.0000000000,   0.0000000000,   0.0000000000,
                    0.0000000000,   1.0000000000,   0.0000000000,
                    0.0000000000,   0.0000000000,   1.0000000000
               </Orientation>
               <Position type="Vector">0, 9000, 0</Position>
            </Hpeffect02>
         </Fixed>
      </Hardpoints>
      <VMeshPart>
         <VMeshRef type="VMeshRef">
            <!-- header size  --> 60,
            <!-- vmesh lib    --> data.solar.misc.dyson_city.lod0-212.vms,
            <!-- start vert   --> 0,
            <!-- num verts    --> 2068,
            <!-- start index  --> 0,
            <!-- num indices  --> 2925,
            <!-- start mesh   --> 0,
            <!-- num meshes   --> 4,
            <!-- bounding box -->  3264.8433,    2650.2988,   2758.1169,
                                  -3357.3962,   -1193.7744,  -2411.7725,
            <!-- center       -->   -47.188839,   692.79199,   131.03737,
            <!-- radius       --> 3486.887
         </VMeshRef>
      </VMeshPart>
      <VMeshWire include="dyson_city_3db\dyson_city.vwd.xml"/>
   </UTF_ROOT>
</UTFXML>
