<?xml version="1.0" encoding="ISO-8859-1"?>
<!-- XML generated by UTFXML Version 2.2 built 19-Aug-2010 -->
<UTFXML filename="dyson_platform.3db" path="SOLAR\MISC">
   <UTF_ROOT>
      <VMeshLibrary>
         <data.solar.misc.dyson_platform.lod0-212.vms include="dyson_platform_3db\lod0-212.vms.xml"/>
      </VMeshLibrary>
      <Exporter_Version name="Exporter Version" type="text">Nov  5 2002 11:41:55</Exporter_Version>
      <Hardpoints>
         <Revolute>
            <HpFX01>
               <Axis type="Vector">0, 1, 0</Axis>
               <Max type="float">6.2831855</Max>
               <Min type="float">-6.2831855</Min>
               <Orientation type="Matrix">
                   143.53435e-09, -318.91437e-09,   1.0000000000,
                   -0.0087261992,   0.9999619100,  320.15475e-09,
                   -0.9999619100,  -0.0087261992,  140.74598e-09
               </Orientation>
               <Position type="Vector">-2.4775391, 2.8033221, -0.8062039</Position>
            </HpFX01>
            <HpTurret_D1_01>
               <Axis type="Vector">0, 1, 0</Axis>
               <Max type="float">6.2831855</Max>
               <Min type="float">-6.2831855</Min>
               <Orientation type="Matrix">
                   143.53435e-09, -318.91437e-09,   1.0000000000,
                   -0.0087261992,   0.9999619100,  320.15475e-09,
                   -0.9999619100,  -0.0087261992,  140.74598e-09
               </Orientation>
               <Position type="Vector">-45.86821, 341.43707, 9.7843218</Position>
            </HpTurret_D1_01>
            <HpTurret_D1_02>
               <Axis type="Vector">0, 1, 0</Axis>
               <Max type="float">2.44345</Max>
               <Min type="float">-2.44348</Min>
               <Orientation type="Matrix">
                  -133.77355e-09, -966.43510e-09,  -1.0000000000,
                    0.0087262038,   0.9999619100, -967.56560e-09,
                    0.9999619100,  -0.0087262038, -125.33515e-09
               </Orientation>
               <Position type="Vector">87.297333, 210.72849, -12.335759</Position>
            </HpTurret_D1_02>
            <HpTurret_D1_03>
               <Axis type="Vector">0, 1, 0</Axis>
               <Max type="float">6.2831855</Max>
               <Min type="float">-6.2831855</Min>
               <Orientation type="Matrix">
                  -63.471504e-09, -291.85017e-09,  -1.0000000000,
                   -0.0087268632,  -0.9999619100,  292.39297e-09,
                   -0.9999619100,   0.0087268632,  60.922147e-09
               </Orientation>
               <Position type="Vector">65.228561, -340.73691, 15.737737</Position>
            </HpTurret_D1_03>
            <HpTurret_D1_04>
               <Axis type="Vector">0, 1, 0</Axis>
               <Max type="float">2.44345</Max>
               <Min type="float">-2.44348</Min>
               <Orientation type="Matrix">
                   49.267122e-09,  381.98257e-09,   1.0000000000,
                    0.0087268483,  -0.9999619100,  381.53809e-09,
                    0.9999619100,   0.0087268483, -52.598750e-09
               </Orientation>
               <Position type="Vector">-67.937469, -210.43427, -8.6601458</Position>
            </HpTurret_D1_04>
            <HpTurret_D1_05>
               <Axis type="Vector">0, 1, 0</Axis>
               <Max type="float">2.0943799</Max>
               <Min type="float">-2.0943999</Min>
               <Orientation type="Matrix">
                   -1.0000000000, -380.28435e-09, -170.54556e-09,
                  -412.87481e-09,   0.8480481500,   0.5299191500,
                  -56.889114e-09,   0.5299191500,  -0.8480481500
               </Orientation>
               <Position type="Vector">4.51513, 69.742912, 100.09463</Position>
            </HpTurret_D1_05>
            <HpTurret_D1_06>
               <Axis type="Vector">0, 1, 0</Axis>
               <Max type="float">2.0943799</Max>
               <Min type="float">-2.0943999</Min>
               <Orientation type="Matrix">
                    1.0000000000,  187.84523e-09, -76.309014e-09,
                  -110.10479e-09,   0.8191521800,   0.5735762100,
                   170.25226e-09,  -0.5735762100,   0.8191521800
               </Orientation>
               <Position type="Vector">-10.573255, 67.300064, -116.32993</Position>
            </HpTurret_D1_06>
            <HpTurret_D1_07>
               <Axis type="Vector">0, 1, 0</Axis>
               <Max type="float">2.0943799</Max>
               <Min type="float">-2.0943999</Min>
               <Orientation type="Matrix">
                   -0.9990482300,  -0.0435594130,  -0.0022830539,
                    0.0373890550,  -0.8282228100,  -0.5591502800,
                    0.0224653800,  -0.5587034800,   0.8290631800
               </Orientation>
               <Position type="Vector">-10.361321, -66.31, -112.22057</Position>
            </HpTurret_D1_07>
            <HpTurret_D1_08>
               <Axis type="Vector">0, 1, 0</Axis>
               <Max type="float">2.0943799</Max>
               <Min type="float">-2.0943999</Min>
               <Orientation type="Matrix">
                    1.0000000000,  83.508539e-09,  206.62685e-09,
                   174.43006e-09,  -0.8703557300,  -0.4924234700,
                   138.71731e-09,   0.4924234700,  -0.8703557300
               </Orientation>
               <Position type="Vector">4.5151501, -70.708061, 102.36662</Position>
            </HpTurret_D1_08>
         </Revolute>
      </Hardpoints>
      <VMeshPart>
         <VMeshRef type="VMeshRef">
            <!-- header size  --> 60,
            <!-- vmesh lib    --> data.solar.misc.dyson_platform.lod0-212.vms,
            <!-- start vert   --> 0,
            <!-- num verts    --> 461,
            <!-- start index  --> 0,
            <!-- num indices  --> 534,
            <!-- start mesh   --> 0,
            <!-- num meshes   --> 3,
            <!-- bounding box -->  356.17661,   341.17059,    184.82944,
                                  -410.16458,  -341.40979,   -405.35709,
            <!-- center       -->  -31.577221,   -2.9594445,  -66.42511,
            <!-- radius       --> 462.0748
         </VMeshRef>
      </VMeshPart>
      <VMeshWire include="dyson_platform_3db\dyson_platform.vwd.xml"/>
   </UTF_ROOT>
</UTFXML>
