<?xml version="1.0" encoding="ISO-8859-1"?>
<!-- XML generated by UTFXML Version 2.2 built 19-Aug-2010 -->
<UTFXML filename="nav_buoy_volcano.3db" path="SOLAR\MISC">
   <UTF_ROOT>
      <VMeshLibrary>
         <nav_buoy_volcano.3861915779.lod0-112.vms include="nav_buoy_volcano_3db\lod0-112.vms.xml"/>
         <nav_buoy_volcano.0075765257.lod1-112.vms include="nav_buoy_volcano_3db\lod1-112.vms.xml"/>
      </VMeshLibrary>
      <Exporter_Version name="Exporter Version" type="text">Feb 12 2002 15:36:19</Exporter_Version>
      <Hardpoints>
         <Fixed>
            <HpFX01>
               <Orientation type="Matrix">
                   -0.5591929000,   0.6707054400,  -0.4872959900,
                    0.8290375500,   0.4523966300,  -0.3286852800,
                   14.901161e-09,  -0.5877851800,  -0.8090169400
               </Orientation>
               <Position type="Vector">0, 0, 0</Position>
            </HpFX01>
            <HpFX02>
               <Orientation type="Matrix">
                   -0.2419216600,   0.0507818160,   0.9689657100,
                    0.9702954300,   0.0126615170,   0.2415904100,
                   59.604645e-09,   0.9986293300,  -0.0523362160
               </Orientation>
               <Position type="Vector">0, 0, 0</Position>
            </HpFX02>
            <HpFX03>
               <Orientation type="Matrix">
                    0.3255683200,  -0.2126954200,   0.9212847900,
                   -0.9455184300,  -0.0732367040,   0.3172238800,
                  -29.802322e-09,  -0.9743698800,  -0.2249509100
               </Orientation>
               <Position type="Vector">0, 0, 0</Position>
            </HpFX03>
            <HpFX04>
               <Orientation type="Matrix">
                    0.9902680500,   0.1307799700,   0.0476000160,
                    0.1391731400,  -0.9305477100,  -0.3386916500,
                   1.8626451e-09,   0.3420201500,  -0.9396927400
               </Orientation>
               <Position type="Vector">0, 0, 0</Position>
            </HpFX04>
            <HpFX05>
               <Orientation type="Matrix">
                    0.0174530150,   0.8570364100,  -0.5149594500,
                    0.9998473500,  -0.0149594550,   0.0089887679,
                    0.0000000000,  -0.5150378900,  -0.8571665300
               </Orientation>
               <Position type="Vector">0, 0, 0</Position>
            </HpFX05>
            <HpFX06>
               <Orientation type="Matrix">
                   -0.0871557000,  -0.7285705800,  -0.6794028300,
                   -0.9961944800,   0.0637420420,   0.0594401960,
                   29.802322e-09,   0.6819980700,  -0.7313534000
               </Orientation>
               <Position type="Vector">0, 0, 0</Position>
            </HpFX06>
            <HpFX>
               <Orientation type="Matrix">
                    1.0000000000,   0.0000000000,   0.0000000000,
                    0.0000000000,   1.0000000000,   0.0000000000,
                    0.0000000000,   0.0000000000,   1.0000000000
               </Orientation>
               <Position type="Vector">0, 0, 0</Position>
            </HpFX>
         </Fixed>
      </Hardpoints>
      <VMeshWire include="nav_buoy_volcano_3db\nav_buoy_volcano.vwd.xml"/>
      <MultiLevel>
         <Level0>
            <VMeshPart>
               <VMeshRef type="VMeshRef">
                  <!-- header size  --> 60,
                  <!-- vmesh lib    --> nav_buoy_volcano.3861915779.lod0-112.vms,
                  <!-- start vert   --> 0,
                  <!-- num verts    --> 132,
                  <!-- start index  --> 0,
                  <!-- num indices  --> 132,
                  <!-- start mesh   --> 0,
                  <!-- num meshes   --> 1,
                  <!-- bounding box -->   9.9406986,    18.189795,    4.7006922,
                                        -10.069883,    -18.789797,   -4.8406267,
                  <!-- center       -->  -0.064592361,  -0.30000114, -0.06996727,
                  <!-- radius       --> 27.325888
               </VMeshRef>
            </VMeshPart>
         </Level0>
         <Level1>
            <VMeshPart>
               <VMeshRef type="VMeshRef">
                  <!-- header size  --> 60,
                  <!-- vmesh lib    --> nav_buoy_volcano.0075765257.lod1-112.vms,
                  <!-- start vert   --> 0,
                  <!-- num verts    --> 24,
                  <!-- start index  --> 0,
                  <!-- num indices  --> 24,
                  <!-- start mesh   --> 0,
                  <!-- num meshes   --> 1,
                  <!-- bounding box -->  5.3685894,    7.1598167,   5.7025294,
                                        -5.5085125,   -7.9371166,  -5.842464,
                  <!-- center       --> -0.069961548, -0.38864994, -0.06996727,
                  <!-- radius       --> 14.113154
               </VMeshRef>
            </VMeshPart>
         </Level1>
         <Switch2 type="float array" count="3">
            0,
            100,
            1000000
         </Switch2>
      </MultiLevel>
   </UTF_ROOT>
</UTFXML>
