<?xml version="1.0" encoding="ISO-8859-1"?>
<!-- XML generated by UTFXML Version 2.2 built 19-Aug-2010 -->
<UTFXML filename="nav_buoy.3db" path="SOLAR\MISC">
   <UTF_ROOT>
      <VMeshLibrary>
         <data.solar.misc.nav_buoy.lod0-112.vms include="nav_buoy_3db\lod0-112.vms.xml"/>
         <data.solar.misc.nav_buoy.lod1-112.vms include="nav_buoy_3db\lod1-112.vms.xml"/>
      </VMeshLibrary>
      <Exporter_Version name="Exporter Version" type="text">Feb 12 2002 15:36:19</Exporter_Version>
      <Hardpoints>
         <Fixed>
            <HpRunningLight01>
               <Orientation type="Matrix">
                  -30.355739e-09,   1.0000000000, -489.04281e-12,
                   118.88907e-09, -489.03920e-12,  -1.0000000000,
                   -1.0000000000, -30.355739e-09, -118.88907e-09
               </Orientation>
               <Position type="Vector">0.04775393, 20.072489, 0.0477576</Position>
            </HpRunningLight01>
            <HpRunningLight02>
               <Orientation type="Matrix">
                   149.01161e-09,  -1.0000000000,  149.01164e-09,
                   178.81391e-09,  149.01167e-09,   1.0000000000,
                   -1.0000000000, -149.01158e-09,  178.81393e-09
               </Orientation>
               <Position type="Vector">0.04775393, -20.735186, 0.047750838</Position>
            </HpRunningLight02>
            <HpRunningLight03>
               <Orientation type="Matrix">
                  -154.86141e-09, -312.62621e-09,  -1.0000000000,
                   365.92559e-09,  -1.0000000000,  312.62616e-09,
                   -1.0000000000, -365.92553e-09,  154.86152e-09
               </Orientation>
               <Position type="Vector">12.037891, -0.099739477, 0.047753725</Position>
            </HpRunningLight03>
            <HpRunningLight04>
               <Orientation type="Matrix">
                   59.604627e-09, -10.048589e-15,   1.0000000000,
                   168.58739e-09,   1.0000000000,  635.27496e-24,
                   -1.0000000000,  168.58739e-09,  59.604627e-09
               </Orientation>
               <Position type="Vector">-12.249053, -0.099745259, 0.047755662</Position>
            </HpRunningLight04>
            <HpRunningLight05>
               <Orientation type="Matrix">
                    1.0000000000,   0.0000000000,  -0.0000000000,
                   -0.0000000000,   0.8660253900,  -0.5000000000,
                    0.0000000000,   0.5000000000,   0.8660253900
               </Orientation>
               <Position type="Vector">-0.15579, 1.973487, -4.5369592</Position>
            </HpRunningLight05>
            <HpRunningLight06>
               <Orientation type="Matrix">
                   -0.9999998800,   0.0000000000,  87.427900e-09,
                  -43.713953e-09,   0.8660253900,  -0.5000000000,
                  -75.714787e-09,  -0.5000000000,  -0.8660253300
               </Orientation>
               <Position type="Vector">-0.094382003, 1.956592, 4.4067121</Position>
            </HpRunningLight06>
            <HpRunningLight07>
               <Orientation type="Matrix">
                   -0.9999998800,   0.0000000000,  87.427900e-09,
                   43.713953e-09,   0.8660253900,   0.5000000000,
                  -75.714787e-09,   0.5000000000,  -0.8660253300
               </Orientation>
               <Position type="Vector">0.048620999, -2.794018, 4.2705679</Position>
            </HpRunningLight07>
            <HpRunningLight08>
               <Orientation type="Matrix">
                    1.0000000000,   0.0000000000,   0.0000000000,
                    0.0000000000,   0.8660253900,   0.5000000000,
                    0.0000000000,  -0.5000000000,   0.8660253900
               </Orientation>
               <Position type="Vector">-0.043028001, -2.650928, -4.4925532</Position>
            </HpRunningLight08>
         </Fixed>
      </Hardpoints>
      <VMeshWire include="nav_buoy_3db\nav_buoy.vwd.xml"/>
      <MultiLevel>
         <Level0>
            <VMeshPart>
               <VMeshRef type="VMeshRef">
                  <!-- header size  --> 60,
                  <!-- vmesh lib    --> data.solar.misc.nav_buoy.lod0-112.vms,
                  <!-- start vert   --> 0,
                  <!-- num verts    --> 132,
                  <!-- start index  --> 0,
                  <!-- num indices  --> 132,
                  <!-- start mesh   --> 0,
                  <!-- num meshes   --> 1,
                  <!-- bounding box -->   9.9406986,    18.189795,    4.7006922,
                                        -10.069883,    -18.789797,   -4.8406267,
                  <!-- center       -->  -0.064592361,  -0.30000114, -0.06996727,
                  <!-- radius       --> 18.489796
               </VMeshRef>
            </VMeshPart>
         </Level0>
         <Level1>
            <VMeshPart>
               <VMeshRef type="VMeshRef">
                  <!-- header size  --> 60,
                  <!-- vmesh lib    --> data.solar.misc.nav_buoy.lod1-112.vms,
                  <!-- start vert   --> 0,
                  <!-- num verts    --> 24,
                  <!-- start index  --> 0,
                  <!-- num indices  --> 24,
                  <!-- start mesh   --> 0,
                  <!-- num meshes   --> 1,
                  <!-- bounding box -->   9.9406986,    18.189795,    4.7006922,
                                        -10.069883,    -18.789797,   -4.8406267,
                  <!-- center       -->  -0.064592361,  -0.30000114, -0.06996727,
                  <!-- radius       --> 18.489796
               </VMeshRef>
            </VMeshPart>
         </Level1>
         <Switch2 type="float array" count="3">
            0,
            100,
            1000000
         </Switch2>
      </MultiLevel>
   </UTF_ROOT>
</UTFXML>
