<?xml version="1.0" encoding="ISO-8859-1"?>
<!-- XML generated by UTFXML Version 2.2 built 19-Aug-2010 -->
<UTFXML filename="solar_plant.3db" path="SOLAR\MISC">
   <UTF_ROOT>
      <VMeshLibrary>
         <data.solar.misc.solar_plant.lod0-212.vms include="solar_plant_3db\lod0-212.vms.xml"/>
         <data.solar.misc.solar_plant.lod1-212.vms include="solar_plant_3db\lod1-212.vms.xml"/>
         <data.solar.misc.solar_plant.lod2-112.vms include="solar_plant_3db\lod2-112.vms.xml"/>
      </VMeshLibrary>
      <Exporter_Version name="Exporter Version" type="text">Feb 12 2002 15:36:19</Exporter_Version>
      <Hardpoints>
         <Fixed>
            <HpHeadlight01>
               <Orientation type="Matrix">
                   -1.0000000000, -62.299407e-09, -39.857927e-09,
                  -62.299414e-09,   1.0000000000,  148.65958e-09,
                   39.857916e-09,  148.65958e-09,  -1.0000000000
               </Orientation>
               <Position type="Vector">-0.13262939, 19.462347, 48.911938</Position>
            </HpHeadlight01>
            <HpRadar>
               <Orientation type="Matrix">
                    1.0000000000,  34.015159e-09,  172.44669e-09,
                   172.44668e-09,  295.95421e-09,  -1.0000000000,
                  -34.015208e-09,   1.0000000000,  295.95421e-09
               </Orientation>
               <Position type="Vector">0.035450183, -52.047199, 16.042223</Position>
            </HpRadar>
            <HpRunningLight01>
               <Orientation type="Matrix">
                    1.0000000000,  294.95055e-09,  237.42116e-09,
                   237.42113e-09,  109.22898e-09,  -1.0000000000,
                  -294.95058e-09,   1.0000000000,  109.22891e-09
               </Orientation>
               <Position type="Vector">0.035403207, 86.103897, 28.281637</Position>
            </HpRunningLight01>
            <HpRunningLight02>
               <Orientation type="Matrix">
                    1.0000000000,  266.31542e-09,  274.75770e-09,
                   274.75770e-09, -11.589654e-09,  -1.0000000000,
                  -266.31542e-09,   1.0000000000, -11.589727e-09
               </Orientation>
               <Position type="Vector">0.035426706, 53.796185, -12.212129</Position>
            </HpRunningLight02>
            <HpRunningLight03>
               <Orientation type="Matrix">
                    1.0000000000,  444.89732e-09,  113.76162e-09,
                  -444.89730e-09,   1.0000000000, -237.44562e-09,
                  -113.76173e-09,  237.44556e-09,   1.0000000000
               </Orientation>
               <Position type="Vector">0.035464872, 44.797031, -32.183876</Position>
            </HpRunningLight03>
            <HpRunningLight04>
               <Orientation type="Matrix">
                    1.0000000000,  572.05744e-09,  830.22411e-09,
                  -830.22422e-09,  167.78279e-09,   1.0000000000,
                   572.05733e-09,  -1.0000000000,  167.78326e-09
               </Orientation>
               <Position type="Vector">0.035420459, -42.775665, 33.1754</Position>
            </HpRunningLight04>
            <HpRunningLight05>
               <Orientation type="Matrix">
                    1.0000000000,  637.10854e-09,  784.49210e-09,
                  -784.49222e-09,  150.77778e-09,   1.0000000000,
                   637.10843e-09,  -1.0000000000,  150.77828e-09
               </Orientation>
               <Position type="Vector">0.035372257, -77.167168, 72.319855</Position>
            </HpRunningLight05>
            <HpRunningLight06>
               <Orientation type="Matrix">
                    1.0000000000,  451.54709e-09,  199.95171e-09,
                  -451.54709e-09,   1.0000000000,  37.335155e-09,
                  -199.95170e-09, -37.335244e-09,   1.0000000000
               </Orientation>
               <Position type="Vector">0.035478245, -65.796898, -5.2363968</Position>
            </HpRunningLight06>
            <HpRunningLight07>
               <Orientation type="Matrix">
                  -311.86005e-09, -670.98409e-09,   1.0000000000,
                    1.0000000000,  587.57001e-09,  311.86045e-09,
                  -587.57024e-09,   1.0000000000,  670.98392e-09
               </Orientation>
               <Position type="Vector">-60.116631, -24.24921, 17.174278</Position>
            </HpRunningLight07>
            <HpRunningLight08>
               <Orientation type="Matrix">
                   982.14366e-09,  665.97835e-09,  -1.0000000000,
                    1.0000000000, -96.719369e-09,  982.14355e-09,
                  -96.718715e-09,  -1.0000000000, -665.97846e-09
               </Orientation>
               <Position type="Vector">60.144459, -24.249214, 17.18441</Position>
            </HpRunningLight08>
            <HpRunningLight09>
               <Orientation type="Matrix">
                    1.0000000000, -200.94507e-09,  730.18998e-09,
                  -200.94524e-09,  -1.0000000000,  230.68347e-09,
                   730.18992e-09, -230.68361e-09,  -1.0000000000
               </Orientation>
               <Position type="Vector">0.035438761, -26.05847, 66.357506</Position>
            </HpRunningLight09>
            <HpRunningLight10>
               <Orientation type="Matrix">
                    1.0000000000, -191.85660e-09,  799.52008e-09,
                  -191.85678e-09,  -1.0000000000,  223.10627e-09,
                   799.52002e-09, -223.10643e-09,  -1.0000000000
               </Orientation>
               <Position type="Vector">0.035477806, 85.029076, 30.162012</Position>
            </HpRunningLight10>
            <HpRunningLight11>
               <Orientation type="Matrix">
                   1.0369358e-06,  597.92643e-09,  -1.0000000000,
                    1.0000000000, -259.06675e-09,  1.0369357e-06,
                  -259.06613e-09,  -1.0000000000, -597.92671e-09
               </Orientation>
               <Position type="Vector">62.92207, 35.767258, 40.302219</Position>
            </HpRunningLight11>
            <HpRunningLight12>
               <Orientation type="Matrix">
                  -700.83792e-09, -716.82831e-09,   1.0000000000,
                    1.0000000000,  1.1116596e-06,  700.83871e-09,
                  -1.1116600e-06,   1.0000000000,  716.82751e-09
               </Orientation>
               <Position type="Vector">-62.882042, 35.767319, 42.259659</Position>
            </HpRunningLight12>
            <HpShield02>
               <Orientation type="Matrix">
                   -1.0000000000,  420.51889e-09,  361.43328e-09,
                  -361.43331e-09, -58.898646e-09,  -1.0000000000,
                  -420.51886e-09,  -1.0000000000,  58.898799e-09
               </Orientation>
               <Position type="Vector">0.040038522, -40.161846, -1.7170491</Position>
            </HpShield02>
         </Fixed>
         <Revolute>
            <HpRocket01>
               <Axis type="Vector">0, 1, 0</Axis>
               <Max type="float">2.53071</Max>
               <Min type="float">-2.53074</Min>
               <Orientation type="Matrix">
                   -1.0000000000,  48.064223e-09,  225.11448e-09,
                  -48.064223e-09,  -1.0000000000,  5.5648357e-09,
                   225.11448e-09,  5.5648250e-09,   1.0000000000
               </Orientation>
               <Position type="Vector">-0.007197625, -66.560539, 7.3302555</Position>
            </HpRocket01>
            <HpRocket02>
               <Axis type="Vector">0, 1, 0</Axis>
               <Max type="float">6.2831855</Max>
               <Min type="float">-6.2831855</Min>
               <Orientation type="Matrix">
                    1.0000000000,   0.0000000000,   0.0000000000,
                    0.0000000000,  -0.2672382600,   0.9636304400,
                    0.0000000000,  -0.9636304400,  -0.2672382600
               </Orientation>
               <Position type="Vector">0.17787801, -0.364784, 52.890648</Position>
            </HpRocket02>
            <HpRocket03>
               <Axis type="Vector">0, 1, 0</Axis>
               <Max type="float">0.78539819</Max>
               <Min type="float">-3.1415927</Min>
               <Orientation type="Matrix">
                    0.9271838700,   0.3746065800,   0.0000000000,
                   -0.3746065800,   0.9271838700,   0.0000000000,
                    0.0000000000,   0.0000000000,   1.0000000000
               </Orientation>
               <Position type="Vector">44.517509, -20.10306, 20.424505</Position>
            </HpRocket03>
            <HpRocket04>
               <Axis type="Vector">0, 1, 0</Axis>
               <Max type="float">2.6179938</Max>
               <Min type="float">-0.78539819</Min>
               <Orientation type="Matrix">
                    0.9271838700,  -0.3746065800,  -0.0000000000,
                    0.3746065800,   0.9271838700,   0.0000000000,
                    0.0000000000,  -0.0000000000,   1.0000000000
               </Orientation>
               <Position type="Vector">-44.600422, -20.12781, 20.424496</Position>
            </HpRocket04>
         </Revolute>
      </Hardpoints>
      <VMeshWire include="solar_plant_3db\solar_plant.vwd.xml"/>
      <MultiLevel>
         <Level0>
            <VMeshPart>
               <VMeshRef type="VMeshRef">
                  <!-- header size  --> 60,
                  <!-- vmesh lib    --> data.solar.misc.solar_plant.lod0-212.vms,
                  <!-- start vert   --> 0,
                  <!-- num verts    --> 7865,
                  <!-- start index  --> 0,
                  <!-- num indices  --> 8748,
                  <!-- start mesh   --> 0,
                  <!-- num meshes   --> 15,
                  <!-- bounding box -->  61.762283,    85.152519,   72.610352,
                                        -61.884918,   -76.000298,  -31.167246,
                  <!-- center       -->  -0.91412085,  -2.1644516,  24.982822,
                  <!-- radius       --> 88.599396
               </VMeshRef>
            </VMeshPart>
         </Level0>
         <Level1>
            <VMeshPart>
               <VMeshRef type="VMeshRef">
                  <!-- header size  --> 60,
                  <!-- vmesh lib    --> data.solar.misc.solar_plant.lod1-212.vms,
                  <!-- start vert   --> 0,
                  <!-- num verts    --> 2820,
                  <!-- start index  --> 0,
                  <!-- num indices  --> 3225,
                  <!-- start mesh   --> 0,
                  <!-- num meshes   --> 11,
                  <!-- bounding box -->  61.762283,    85.152519,   72.610352,
                                        -61.884918,   -76.000298,  -31.167246,
                  <!-- center       -->  -0.91412085,  -2.1644516,  24.982822,
                  <!-- radius       --> 88.599396
               </VMeshRef>
            </VMeshPart>
         </Level1>
         <Level2>
            <VMeshPart>
               <VMeshRef type="VMeshRef">
                  <!-- header size  --> 60,
                  <!-- vmesh lib    --> data.solar.misc.solar_plant.lod2-112.vms,
                  <!-- start vert   --> 0,
                  <!-- num verts    --> 469,
                  <!-- start index  --> 0,
                  <!-- num indices  --> 579,
                  <!-- start mesh   --> 0,
                  <!-- num meshes   --> 1,
                  <!-- bounding box -->  61.762283,    85.152519,   72.610352,
                                        -61.884918,   -76.000298,  -31.167246,
                  <!-- center       -->  -0.91412085,  -2.1644516,  24.982822,
                  <!-- radius       --> 88.599396
               </VMeshRef>
            </VMeshPart>
         </Level2>
         <Switch2 type="float array" count="4">
            0,
            100,
            1000,
            1000000
         </Switch2>
      </MultiLevel>
   </UTF_ROOT>
</UTFXML>
