<?xml version="1.0" encoding="ISO-8859-1"?>
<!-- XML generated by UTFXML Version 2.2 built 19-Aug-2010 -->
<UTFXML filename="space_research.3db" path="SOLAR\MISC">
   <UTF_ROOT>
      <VMeshLibrary>
         <data.solar.misc.space_research.lod0-112.vms include="space_research_3db\lod0-112.vms.xml"/>
         <data.solar.misc.space_research.lod1-112.vms include="space_research_3db\lod1-112.vms.xml"/>
      </VMeshLibrary>
      <Exporter_Version name="Exporter Version" type="text">Aug 24 2002 12:33:14</Exporter_Version>
      <Hardpoints>
         <Fixed>
            <HpConnect01>
               <Orientation type="Matrix">
                   -1.0000000000, -43.872443e-09, -3.9369086e-09,
                   3.9369148e-09, -145.24196e-09,  -1.0000000000,
                   43.872443e-09,  -1.0000000000,  145.24196e-09
               </Orientation>
               <Position type="Vector">-0.010482788, 2.9414132e-6, -123.98031</Position>
            </HpConnect01>
            <HpConnect02>
               <Orientation type="Matrix">
                   -1.0000000000,  64.948679e-09,  87.557737e-09,
                   87.557730e-09, -139.83241e-09,   1.0000000000,
                   64.948694e-09,   1.0000000000,  139.83241e-09
               </Orientation>
               <Position type="Vector">-0.010452271, -144.53643e-6, 1928.2645</Position>
            </HpConnect02>
            <HpConnect03>
               <Orientation type="Matrix">
                   -1.0000000000,  11.643648e-09, -70.045239e-09,
                   11.643661e-09,   1.0000000000, -188.42516e-09,
                   70.045239e-09, -188.42516e-09,  -1.0000000000
               </Orientation>
               <Position type="Vector">-0.043289185, 67.043671, 0.080655999</Position>
            </HpConnect03>
            <HpConnect04>
               <Orientation type="Matrix">
                    1.0000000000, -123.24124e-09, -73.022640e-09,
                  -123.24125e-09,  -1.0000000000, -260.56415e-09,
                  -73.022605e-09,  260.56415e-09,  -1.0000000000
               </Orientation>
               <Position type="Vector">-0.043289185, -66.64888, 0.08067701</Position>
            </HpConnect04>
            <HpConnect05>
               <Orientation type="Matrix">
                   121.25983e-09,   1.0000000000,  349.17633e-09,
                    1.0000000000, -121.25986e-09,  70.721512e-09,
                   70.721555e-09,  349.17633e-09,  -1.0000000000
               </Orientation>
               <Position type="Vector">66.802994, 0.1973877, 0.080683917</Position>
            </HpConnect05>
            <HpConnect06>
               <Orientation type="Matrix">
                  -42.847528e-09,  -1.0000000000,  247.79595e-09,
                   -1.0000000000,  42.847535e-09,  33.535080e-09,
                  -33.535091e-09, -247.79595e-09,  -1.0000000000
               </Orientation>
               <Position type="Vector">-66.889572, 0.19740295, 0.080649108</Position>
            </HpConnect06>
            <HpConnect07>
               <Orientation type="Matrix">
                   -1.0000000000,  25.971636e-09,  51.413444e-09,
                  -25.971630e-09,  -1.0000000000,  93.870149e-09,
                   51.413448e-09,  93.870149e-09,   1.0000000000
               </Orientation>
               <Position type="Vector">-0.010437012, 21.541111, 900.08441</Position>
            </HpConnect07>
            <HpConnect08>
               <Orientation type="Matrix">
                  -6.7390440e-09,  -1.0000000000,  46.083471e-09,
                    1.0000000000, -6.7390395e-09,  93.804836e-09,
                  -93.804836e-09,  46.083471e-09,   1.0000000000
               </Orientation>
               <Position type="Vector">21.376205, 0.030862987, 900.08441</Position>
            </HpConnect08>
            <HpRunningLight01>
               <Orientation type="Matrix">
                   -1.0000000000, -263.47428e-09,  236.43526e-09,
                  -236.43528e-09,  116.34094e-09,  -1.0000000000,
                   263.47425e-09,  -1.0000000000, -116.34100e-09
               </Orientation>
               <Position type="Vector">-0.44100952, 56.315838, -76.182404</Position>
            </HpRunningLight01>
            <HpRunningLight02>
               <Orientation type="Matrix">
                  -260.85254e-09,  41.705579e-09,  -1.0000000000,
                    1.0000000000,  309.89332e-09, -260.85254e-09,
                   309.89332e-09,  -1.0000000000, -41.705661e-09
               </Orientation>
               <Position type="Vector">55.945801, -0.071007013, -76.182396</Position>
            </HpRunningLight02>
            <HpRunningLight03>
               <Orientation type="Matrix">
                    1.0000000000,  249.30199e-09, -152.73551e-09,
                   152.73545e-09,  209.66310e-09,   1.0000000000,
                   249.30202e-09,  -1.0000000000,  209.66306e-09
               </Orientation>
               <Position type="Vector">-0.44100952, -56.457829, -76.182396</Position>
            </HpRunningLight03>
            <HpRunningLight04>
               <Orientation type="Matrix">
                   178.54896e-09, -142.18837e-09,   1.0000000000,
                   -1.0000000000, -148.76466e-09,  178.54894e-09,
                   148.76463e-09,  -1.0000000000, -142.18840e-09
               </Orientation>
               <Position type="Vector">-56.827866, -0.071007013, -76.182396</Position>
            </HpRunningLight04>
            <HpRunningLight05>
               <Orientation type="Matrix">
                  -260.85254e-09,  41.705579e-09,  -1.0000000000,
                    1.0000000000,  309.89332e-09, -260.85254e-09,
                   309.89332e-09,  -1.0000000000, -41.705661e-09
               </Orientation>
               <Position type="Vector">55.945801, -0.071123689, 1883.4191</Position>
            </HpRunningLight05>
            <HpRunningLight06>
               <Orientation type="Matrix">
                   -1.0000000000, -263.47428e-09,  236.43526e-09,
                  -236.43528e-09,  116.34094e-09,  -1.0000000000,
                   263.47425e-09,  -1.0000000000, -116.34100e-09
               </Orientation>
               <Position type="Vector">-0.44100952, 56.315723, 1883.4191</Position>
            </HpRunningLight06>
            <HpRunningLight07>
               <Orientation type="Matrix">
                   178.54896e-09, -142.18837e-09,   1.0000000000,
                   -1.0000000000, -148.76466e-09,  178.54894e-09,
                   148.76463e-09,  -1.0000000000, -142.18840e-09
               </Orientation>
               <Position type="Vector">-56.827866, -0.071123689, 1883.4191</Position>
            </HpRunningLight07>
            <HpRunningLight08>
               <Orientation type="Matrix">
                    1.0000000000,  249.30199e-09, -152.73551e-09,
                   152.73545e-09,  209.66310e-09,   1.0000000000,
                   249.30202e-09,  -1.0000000000,  209.66306e-09
               </Orientation>
               <Position type="Vector">-0.44100952, -56.457947, 1883.4191</Position>
            </HpRunningLight08>
            <HpShipyard01>
               <Orientation type="Matrix">
                    0.7071067100, -16.092851e-09,   0.7071068900,
                   -0.7071068900,  65.225734e-09,   0.7071067100,
                  -57.500927e-09,  -1.0000000000,  34.742186e-09
               </Orientation>
               <Position type="Vector">-0.010452271, 727.56763, 921.58679</Position>
            </HpShipyard01>
            <HpShipyard02>
               <Orientation type="Matrix">
                    0.7071067100, -16.092851e-09,   0.7071068900,
                   -0.7071068900,  65.225734e-09,   0.7071067100,
                  -57.500927e-09,  -1.0000000000,  34.742186e-09
               </Orientation>
               <Position type="Vector">-0.010467529, 1432.092, 921.58667</Position>
            </HpShipyard02>
            <HpShipyard03>
               <Orientation type="Matrix">
                    0.7071067100, -6.6418955e-09,   0.7071068900,
                   -0.7071068900, -97.801284e-09,   0.7071067100,
                   64.459428e-09,  -1.0000000000, -73.852469e-09
               </Orientation>
               <Position type="Vector">724.39606, 0.030859426, 921.58612</Position>
            </HpShipyard03>
            <HpShipyard04>
               <Orientation type="Matrix">
                    0.7071067100, -6.6418955e-09,   0.7071068900,
                   -0.7071068900, -97.801284e-09,   0.7071067100,
                   64.459428e-09,  -1.0000000000, -73.852469e-09
               </Orientation>
               <Position type="Vector">1426.4159, 0.030907381, 921.58618</Position>
            </HpShipyard04>
            <HpConnect09>
               <Orientation type="Matrix">
                    1.0000000000,   0.0000000000,  -0.0000000000,
                   -0.0000000000,  -1.0000000000, -87.427907e-09,
                    0.0000000000,  87.427907e-09,  -1.0000000000
               </Orientation>
               <Position type="Vector">0, -66.8, 1800</Position>
            </HpConnect09>
            <HpConnect10>
               <Orientation type="Matrix">
                   -1.0000000000,  87.427907e-09,  7.6436389e-15,
                   87.427907e-09,   1.0000000000,  87.427907e-09,
                    0.0000000000,  87.427907e-09,  -1.0000000000
               </Orientation>
               <Position type="Vector">0, 66.9, 1800</Position>
            </HpConnect10>
            <SpConnect01>
               <Orientation type="Matrix">
                    1.0000000000,   0.0000000000,   0.0000000000,
                    0.0000000000,   1.0000000000,   0.0000000000,
                    0.0000000000,   0.0000000000,   1.0000000000
               </Orientation>
               <Position type="Vector">0, 340, 600</Position>
            </SpConnect01>
            <SpConnect02>
               <Orientation type="Matrix">
                    1.0000000000,   0.0000000000,   0.0000000000,
                    0.0000000000,   1.0000000000,   0.0000000000,
                    0.0000000000,   0.0000000000,   1.0000000000
               </Orientation>
               <Position type="Vector">0, 340, 1200</Position>
            </SpConnect02>
            <SpConnect03>
               <Orientation type="Matrix">
                    1.0000000000,   0.0000000000,   0.0000000000,
                    0.0000000000,   1.0000000000,   0.0000000000,
                    0.0000000000,   0.0000000000,   1.0000000000
               </Orientation>
               <Position type="Vector">0, -340, 600</Position>
            </SpConnect03>
            <SpConnect04>
               <Orientation type="Matrix">
                    1.0000000000,   0.0000000000,   0.0000000000,
                    0.0000000000,   1.0000000000,   0.0000000000,
                    0.0000000000,   0.0000000000,   1.0000000000
               </Orientation>
               <Position type="Vector">0, -340, 1200</Position>
            </SpConnect04>
         </Fixed>
      </Hardpoints>
      <VMeshWire include="space_research_3db\space_research.vwd.xml"/>
      <MultiLevel>
         <Level0>
            <VMeshPart>
               <VMeshRef type="VMeshRef">
                  <!-- header size  --> 60,
                  <!-- vmesh lib    --> data.solar.misc.space_research.lod0-112.vms,
                  <!-- start vert   --> 0,
                  <!-- num verts    --> 796,
                  <!-- start index  --> 0,
                  <!-- num indices  --> 1668,
                  <!-- start mesh   --> 0,
                  <!-- num meshes   --> 6,
                  <!-- bounding box -->  66.811768,     67.050987,  1928.2356,
                                        -66.837219,    -66.606171,  -124.01635,
                  <!-- center       -->  -0.013300263,   0.2218492,  902.11011,
                  <!-- radius       --> 1026.1951
               </VMeshRef>
            </VMeshPart>
         </Level0>
         <Level1>
            <VMeshPart>
               <VMeshRef type="VMeshRef">
                  <!-- header size  --> 60,
                  <!-- vmesh lib    --> data.solar.misc.space_research.lod1-112.vms,
                  <!-- start vert   --> 0,
                  <!-- num verts    --> 454,
                  <!-- start index  --> 0,
                  <!-- num indices  --> 714,
                  <!-- start mesh   --> 0,
                  <!-- num meshes   --> 5,
                  <!-- bounding box -->  66.811768,     67.050987,  1928.2356,
                                        -66.837219,    -66.606171,  -124.01635,
                  <!-- center       -->  -0.013300263,   0.2218492,  902.11011,
                  <!-- radius       --> 1026.1951
               </VMeshRef>
            </VMeshPart>
         </Level1>
         <Switch2 type="float array" count="3">
            0,
            100,
            1000000
         </Switch2>
      </MultiLevel>
   </UTF_ROOT>
</UTFXML>
