<?xml version="1.0" encoding="ISO-8859-1"?>
<!-- XML generated by UTFXML Version 2.2 built 19-Aug-2010 -->
<UTFXML filename="telescope.3db" path="SOLAR\MISC">
   <UTF_ROOT>
      <VMeshLibrary>
         <data.solar.misc.telescope.lod0-112.vms include="telescope_3db\lod0-112.vms.xml"/>
         <data.solar.misc.telescope.lod1-112.vms include="telescope_3db\lod1-112.vms.xml"/>
         <data.solar.misc.telescope.lod2-112.vms include="telescope_3db\lod2-112.vms.xml"/>
         <data.solar.misc.telescope.lod3-112.vms include="telescope_3db\lod3-112.vms.xml"/>
         <data.solar.misc.telescope.lod4-112.vms include="telescope_3db\lod4-112.vms.xml"/>
      </VMeshLibrary>
      <Exporter_Version name="Exporter Version" type="text">Feb 12 2002 15:36:19</Exporter_Version>
      <Hardpoints>
         <Fixed>
            <HpRunningLight01>
               <Orientation type="Matrix">
                   -0.2756368500, -7.1327917e-09,  -0.9612618700,
                   956.68565e-09,  -1.0000000000, -266.90441e-09,
                   -0.9612618700, -993.19413e-09,   0.2756368500
               </Orientation>
               <Position type="Vector">5.9519672, -2.2423, -1.5410904</Position>
            </HpRunningLight01>
            <HpRunningLight02>
               <Orientation type="Matrix">
                    0.2588197000,  616.05976e-09,   0.9659256300,
                    0.0084290849,  -0.9999619100,  -0.0022579350,
                    0.9658888600,   0.0087262671,  -0.2588098600
               </Orientation>
               <Position type="Vector">-5.9550638, -2.2058086, 1.5598642</Position>
            </HpRunningLight02>
            <HpRunningLight03>
               <Orientation type="Matrix">
                  -418.01835e-09,   1.0000000000, -295.78041e-09,
                   243.38121e-09, -295.78030e-09,  -1.0000000000,
                   -1.0000000000, -418.01843e-09, -243.38109e-09
               </Orientation>
               <Position type="Vector">-0.002500643, 25.583416, -0.007026671</Position>
            </HpRunningLight03>
            <HpRunningLight04>
               <Orientation type="Matrix">
                    0.2588200000,  518.56409e-09,   0.9659255700,
                    0.0084290551,  -0.9999619100,  -0.0022580307,
                    0.9658888000,   0.0087262634,  -0.2588101600
               </Orientation>
               <Position type="Vector">-14.138033, 10.283946, 3.8014519</Position>
            </HpRunningLight04>
            <HpRunningLight05>
               <Orientation type="Matrix">
                   -0.2756369100, -19.871266e-09,  -0.9612618100,
                   1.0467215e-06,  -1.0000000000, -279.46999e-09,
                   -0.9612618100, -1.0832057e-06,   0.2756369100
               </Orientation>
               <Position type="Vector">14.134699, 10.227424, -3.8874333</Position>
            </HpRunningLight05>
            <HpRunningLight06>
               <Orientation type="Matrix">
                   -0.0871561240,   0.9961946600, -355.26037e-09,
                   150.60607e-09, -343.44103e-09,  -1.0000000000,
                   -0.9961946600,  -0.0871561240, -120.09997e-09
               </Orientation>
               <Position type="Vector">0.50432783, 9.4120731, 3.5788472</Position>
            </HpRunningLight06>
            <HpRunningLight07>
               <Orientation type="Matrix">
                    0.9612618100,  908.20629e-09,  -0.2756369400,
                   916.22820e-09,  -1.0000000000, -99.664028e-09,
                   -0.2756369400, -156.74311e-09,  -0.9612618100
               </Orientation>
               <Position type="Vector">2.7621129, -11.01702, 10.336325</Position>
            </HpRunningLight07>
            <HpRunningLight08>
               <Orientation type="Matrix">
                   -0.9658887400,  -0.0087265568,   0.2588102800,
                    0.0084293466,  -0.9999619100,  -0.0022580784,
                    0.2588201200,  549.04558e-09,   0.9659255100
               </Orientation>
               <Position type="Vector">-2.8402994, -10.969855, -10.31723</Position>
            </HpRunningLight08>
            <HpRunningLight09>
               <Orientation type="Matrix">
                   -0.9658888000,  -0.0087263938,   0.2588101600,
                    0.0084291743,  -0.9999619100,  -0.0022580882,
                    0.2588200000,  493.86921e-09,   0.9659255700
               </Orientation>
               <Position type="Vector">-0.99143076, -21.733898, -3.4239419</Position>
            </HpRunningLight09>
            <HpRunningLight10>
               <Orientation type="Matrix">
                    0.9612616300,  1.1308364e-06,  -0.2756376300,
                   1.0948381e-06,  -1.0000000000, -284.46948e-09,
                   -0.2756376300, -28.328987e-09,  -0.9612616300
               </Orientation>
               <Position type="Vector">0.91928685, -21.764523, 3.4120228</Position>
            </HpRunningLight10>
            <HpShield01>
               <Orientation type="Matrix">
                  -257.69441e-09, -346.51544e-09,  -1.0000000000,
                   27.068246e-09,  -1.0000000000,  346.51544e-09,
                   -1.0000000000, -27.068157e-09,  257.69441e-09
               </Orientation>
               <Position type="Vector">-902.43481e-6, -24.866907, -0.0092849704</Position>
            </HpShield01>
         </Fixed>
      </Hardpoints>
      <VMeshWire include="telescope_3db\telescope.vwd.xml"/>
      <MultiLevel>
         <Level0>
            <VMeshPart>
               <VMeshRef type="VMeshRef">
                  <!-- header size  --> 60,
                  <!-- vmesh lib    --> data.solar.misc.telescope.lod0-112.vms,
                  <!-- start vert   --> 0,
                  <!-- num verts    --> 2831,
                  <!-- start index  --> 0,
                  <!-- num indices  --> 3804,
                  <!-- start mesh   --> 0,
                  <!-- num meshes   --> 9,
                  <!-- bounding box -->  13.684799,     24.871758,       9.8088055,
                                        -13.684798,    -24.871754,      -9.8088112,
                  <!-- center       -->  62.600404e-6,  -0.0032774273, -41.646799e-6,
                  <!-- radius       --> 24.875034
               </VMeshRef>
            </VMeshPart>
         </Level0>
         <Level1>
            <VMeshPart>
               <VMeshRef type="VMeshRef">
                  <!-- header size  --> 60,
                  <!-- vmesh lib    --> data.solar.misc.telescope.lod1-112.vms,
                  <!-- start vert   --> 0,
                  <!-- num verts    --> 1886,
                  <!-- start index  --> 0,
                  <!-- num indices  --> 2274,
                  <!-- start mesh   --> 0,
                  <!-- num meshes   --> 9,
                  <!-- bounding box -->  13.684799,     24.871758,       9.8088055,
                                        -13.684798,    -24.871754,      -9.8088112,
                  <!-- center       -->  62.600404e-6,  -0.0032774273, -41.646799e-6,
                  <!-- radius       --> 24.875034
               </VMeshRef>
            </VMeshPart>
         </Level1>
         <Level2>
            <VMeshPart>
               <VMeshRef type="VMeshRef">
                  <!-- header size  --> 60,
                  <!-- vmesh lib    --> data.solar.misc.telescope.lod2-112.vms,
                  <!-- start vert   --> 0,
                  <!-- num verts    --> 818,
                  <!-- start index  --> 0,
                  <!-- num indices  --> 1020,
                  <!-- start mesh   --> 0,
                  <!-- num meshes   --> 8,
                  <!-- bounding box -->  13.684799,     24.871758,       9.8088055,
                                        -13.684798,    -24.871754,      -9.8088112,
                  <!-- center       -->  62.600404e-6,  -0.0032774273, -41.646799e-6,
                  <!-- radius       --> 24.875034
               </VMeshRef>
            </VMeshPart>
         </Level2>
         <Level3>
            <VMeshPart>
               <VMeshRef type="VMeshRef">
                  <!-- header size  --> 60,
                  <!-- vmesh lib    --> data.solar.misc.telescope.lod3-112.vms,
                  <!-- start vert   --> 0,
                  <!-- num verts    --> 402,
                  <!-- start index  --> 0,
                  <!-- num indices  --> 594,
                  <!-- start mesh   --> 0,
                  <!-- num meshes   --> 6,
                  <!-- bounding box -->  13.684799,     24.871758,       9.8088055,
                                        -13.684798,    -24.871754,      -9.8088112,
                  <!-- center       -->  62.600404e-6,  -0.0032774273, -41.646799e-6,
                  <!-- radius       --> 24.875034
               </VMeshRef>
            </VMeshPart>
         </Level3>
         <Level4>
            <VMeshPart>
               <VMeshRef type="VMeshRef">
                  <!-- header size  --> 60,
                  <!-- vmesh lib    --> data.solar.misc.telescope.lod4-112.vms,
                  <!-- start vert   --> 0,
                  <!-- num verts    --> 36,
                  <!-- start index  --> 0,
                  <!-- num indices  --> 120,
                  <!-- start mesh   --> 0,
                  <!-- num meshes   --> 3,
                  <!-- bounding box -->  13.684799,     24.871758,       9.8088055,
                                        -13.684798,    -24.871754,      -9.8088112,
                  <!-- center       -->  62.600404e-6,  -0.0032774273, -41.646799e-6,
                  <!-- radius       --> 24.875034
               </VMeshRef>
            </VMeshPart>
         </Level4>
         <Switch2 type="float array" count="6">
            0,
            100,
            1000,
            10000,
            100000,
            1000000
         </Switch2>
      </MultiLevel>
   </UTF_ROOT>
</UTFXML>
