<?xml version="1.0" encoding="ISO-8859-1"?>
<!-- XML generated by UTFXML Version 2.2 built 19-Aug-2010 -->
<UTFXML filename="warp_disruptor_buoy.3db" path="SOLAR\MISC">
   <UTF_ROOT>
      <VMeshLibrary>
         <data.solar.misc.warp_disruptor_buoy.lod0-112.vms include="warp_disruptor_buoy_3db\lod0-112.vms.xml"/>
         <data.solar.misc.warp_disruptor_buoy.lod1-112.vms include="warp_disruptor_buoy_3db\lod1-112.vms.xml"/>
         <data.solar.misc.warp_disruptor_buoy.lod2-112.vms include="warp_disruptor_buoy_3db\lod2-112.vms.xml"/>
         <data.solar.misc.warp_disruptor_buoy.lod3-112.vms include="warp_disruptor_buoy_3db\lod3-112.vms.xml"/>
      </VMeshLibrary>
      <Exporter_Version name="Exporter Version" type="text">Feb 12 2002 15:36:19</Exporter_Version>
      <Hardpoints>
         <Fixed>
            <HpFX02>
               <Orientation type="Matrix">
                   346.09133e-09,  19.197651e-06,  -1.0000000000,
                  -74.046133e-06,   1.0000000000,  19.197625e-06,
                    1.0000000000,  74.046126e-06,  347.51284e-09
               </Orientation>
               <Position type="Vector">5.6160812, 1.8678862, 0.0012434043</Position>
            </HpFX02>
            <HpFX03>
               <Orientation type="Matrix">
                    0.8660252700,  53.895292e-06,   0.5000002400,
                  -73.171184e-06,   1.0000000000,  18.945599e-06,
                   -0.5000002400, -52.992978e-06,   0.8660252700
               </Orientation>
               <Position type="Vector">-2.8085551, 1.8678879, -4.8637662</Position>
            </HpFX03>
            <HpFX04>
               <Orientation type="Matrix">
                   -0.8660252100, -54.078686e-06,  -0.5000003600,
                  -73.843526e-06,   1.0000000000,  19.743324e-06,
                    0.5000003600,  54.020005e-06,  -0.8660252100
               </Orientation>
               <Position type="Vector">2.8074687, -1.8684162, 4.8650079</Position>
            </HpFX04>
            <HpFX05>
               <Orientation type="Matrix">
                    0.8660255100,  73.466748e-06,  -0.4999998200,
                  -73.688556e-06,   1.0000000000,  19.301171e-06,
                    0.4999998200,  20.128959e-06,   0.8660255100
               </Orientation>
               <Position type="Vector">2.8078976, -1.8684111, -4.8633213</Position>
            </HpFX05>
            <HpFX06>
               <Orientation type="Matrix">
                  -264.68314e-09, -19.014433e-06,   1.0000000000,
                  -73.001327e-06,   1.0000000000,  19.014413e-06,
                   -1.0000000000, -73.001320e-06, -266.07123e-09
               </Orientation>
               <Position type="Vector">-5.6172967, -1.8684145, 473.28413e-6</Position>
            </HpFX06>
            <HpRunningLight01>
               <Orientation type="Matrix">
                   -0.9651029100,   0.2618708900,  1.8480835e-06,
                  -1.5944323e-06,  1.1810865e-06,  -1.0000000000,
                   -0.2618708900,  -0.9651029100, -722.33468e-09
               </Orientation>
               <Position type="Vector">-864.1649e-6, 7.0773611, -0.0064962613</Position>
            </HpRunningLight01>
            <HpRunningLight02>
               <Orientation type="Matrix">
                    0.9659258100,   0.2588191300, -336.69741e-09,
                   85.190344e-09,  982.96391e-09,   1.0000000000,
                    0.2588191300,  -0.9659258100,  927.42130e-09
               </Orientation>
               <Position type="Vector">0.0037822027, -7.0787888, -0.006135691</Position>
            </HpRunningLight02>
            <HpRunningLight03>
               <Orientation type="Matrix">
                    0.9986295100,  -0.0523360520, -359.41534e-09,
                   408.83873e-09,  933.64139e-09,   1.0000000000,
                   -0.0523360520,  -0.9986295100,  953.75890e-09
               </Orientation>
               <Position type="Vector">6.176105, 1.9745166, -0.046869107</Position>
            </HpRunningLight03>
            <HpRunningLight04>
               <Orientation type="Matrix">
                    0.5075382600,   0.8616292500, -316.74608e-09,
                  -502.11219e-09,  663.37958e-09,   1.0000000000,
                    0.8616292500,  -0.5075382600,  769.32503e-09
               </Orientation>
               <Position type="Vector">-3.0998785, 1.9745184, -5.2971392</Position>
            </HpRunningLight04>
            <HpRunningLight05>
               <Orientation type="Matrix">
                    0.8660253300,   0.5000001200, -298.35405e-09,
                  -174.14912e-09,  898.34299e-09,   1.0000000000,
                    0.5000001200,  -0.8660253300,  865.06236e-09
               </Orientation>
               <Position type="Vector">-3.0560055, 1.9745128, 5.3581133</Position>
            </HpRunningLight05>
            <HpRunningLight06>
               <Orientation type="Matrix">
                    0.8660253300,   0.5000001200, -298.35405e-09,
                  -174.14912e-09,  898.34299e-09,   1.0000000000,
                    0.5000001200,  -0.8660253300,  865.06236e-09
               </Orientation>
               <Position type="Vector">3.0324371, -1.9641863, 5.3777051</Position>
            </HpRunningLight06>
            <HpRunningLight07>
               <Orientation type="Matrix">
                    0.9986295100,  -0.0523360520, -359.41534e-09,
                   408.83873e-09,  933.64139e-09,   1.0000000000,
                   -0.0523360520,  -0.9986295100,  953.75890e-09
               </Orientation>
               <Position type="Vector">3.1540272, -1.9641807, -5.3329787</Position>
            </HpRunningLight07>
            <HpRunningLight08>
               <Orientation type="Matrix">
                    0.5075382600,   0.8616292500, -316.74608e-09,
                  -502.11219e-09,  663.37958e-09,   1.0000000000,
                    0.8616292500,  -0.5075382600,  769.32503e-09
               </Orientation>
               <Position type="Vector">-6.1956763, -1.9641844, -0.080209702</Position>
            </HpRunningLight08>
            <HpFX01>
               <Orientation type="Matrix">
                   -0.8660253300,   0.0000000000,   0.5000001200,
                   -0.0000000000,   1.0000000000,   0.0000000000,
                   -0.5000001200,  -0.0000000000,  -0.8660253300
               </Orientation>
               <Position type="Vector">-2.908287, 1.979725, 5.0659919</Position>
            </HpFX01>
         </Fixed>
      </Hardpoints>
      <VMeshWire include="warp_disruptor_buoy_3db\warp_disruptor_buoy.vwd.xml"/>
      <MultiLevel>
         <Level0>
            <VMeshPart>
               <VMeshRef type="VMeshRef">
                  <!-- header size  --> 60,
                  <!-- vmesh lib    --> data.solar.misc.warp_disruptor_buoy.lod0-112.vms,
                  <!-- start vert   --> 0,
                  <!-- num verts    --> 936,
                  <!-- start index  --> 0,
                  <!-- num indices  --> 936,
                  <!-- start mesh   --> 0,
                  <!-- num meshes   --> 4,
                  <!-- bounding box -->  5.8687305,      6.8372455,   5.4310155,
                                        -5.8624983,     -6.8372445,  -5.4177899,
                  <!-- center       -->  0.0031161308, 481.32853e-9,  0.006612774,
                  <!-- radius       --> 6.8372488
               </VMeshRef>
            </VMeshPart>
         </Level0>
         <Level1>
            <VMeshPart>
               <VMeshRef type="VMeshRef">
                  <!-- header size  --> 60,
                  <!-- vmesh lib    --> data.solar.misc.warp_disruptor_buoy.lod1-112.vms,
                  <!-- start vert   --> 0,
                  <!-- num verts    --> 378,
                  <!-- start index  --> 0,
                  <!-- num indices  --> 378,
                  <!-- start mesh   --> 0,
                  <!-- num meshes   --> 4,
                  <!-- bounding box -->  5.8687305,      6.8372455,   5.4310155,
                                        -5.8624983,     -6.8372445,  -5.4177899,
                  <!-- center       -->  0.0031161308, 481.32853e-9,  0.006612774,
                  <!-- radius       --> 6.8372488
               </VMeshRef>
            </VMeshPart>
         </Level1>
         <Level2>
            <VMeshPart>
               <VMeshRef type="VMeshRef">
                  <!-- header size  --> 60,
                  <!-- vmesh lib    --> data.solar.misc.warp_disruptor_buoy.lod2-112.vms,
                  <!-- start vert   --> 0,
                  <!-- num verts    --> 180,
                  <!-- start index  --> 0,
                  <!-- num indices  --> 198,
                  <!-- start mesh   --> 0,
                  <!-- num meshes   --> 4,
                  <!-- bounding box -->  5.8687305,      6.8372455,   5.4310155,
                                        -5.8624983,     -6.8372445,  -5.4177899,
                  <!-- center       -->  0.0031161308, 481.32853e-9,  0.006612774,
                  <!-- radius       --> 6.8372488
               </VMeshRef>
            </VMeshPart>
         </Level2>
         <Level3>
            <VMeshPart>
               <VMeshRef type="VMeshRef">
                  <!-- header size  --> 60,
                  <!-- vmesh lib    --> data.solar.misc.warp_disruptor_buoy.lod3-112.vms,
                  <!-- start vert   --> 0,
                  <!-- num verts    --> 54,
                  <!-- start index  --> 0,
                  <!-- num indices  --> 72,
                  <!-- start mesh   --> 0,
                  <!-- num meshes   --> 2,
                  <!-- bounding box -->  5.8687305,      6.8372455,   5.4310155,
                                        -5.8624983,     -6.8372445,  -5.4177899,
                  <!-- center       -->  0.0031161308, 481.32853e-9,  0.006612774,
                  <!-- radius       --> 6.8372488
               </VMeshRef>
            </VMeshPart>
         </Level3>
         <Switch2 type="float array" count="5">
            0,
            100,
            1000,
            10000,
            1000000
         </Switch2>
      </MultiLevel>
   </UTF_ROOT>
</UTFXML>
