<?xml version="1.0" encoding="ISO-8859-1"?>
<!-- XML generated by UTFXML Version 2.2 built 19-Aug-2010 -->
<UTFXML filename="weapons_platform_small.3db" path="SOLAR\MISC">
   <UTF_ROOT>
      <VMeshLibrary>
         <data.solar.misc.weapons_platform_small.lod0-112.vms include="weapons_platform_small_3db\lod0-112.vms.xml"/>
         <data.solar.misc.weapons_platform_small.lod1-112.vms include="weapons_platform_small_3db\lod1-112.vms.xml"/>
         <data.solar.misc.weapons_platform_small.lod2-112.vms include="weapons_platform_small_3db\lod2-112.vms.xml"/>
         <data.solar.misc.weapons_platform_small.lod3-112.vms include="weapons_platform_small_3db\lod3-112.vms.xml"/>
      </VMeshLibrary>
      <Exporter_Version name="Exporter Version" type="text">Jan 25 2002 13:38:59</Exporter_Version>
      <Hardpoints>
         <Fixed>
            <HpRunningLightFront01>
               <Orientation type="Matrix">
                   -1.0000000000, -87.422777e-09,  3.5527130e-15,
                   13.974320e-15, -119.20928e-09,   1.0000000000,
                  -87.422777e-09,   1.0000000000,  119.20928e-09
               </Orientation>
               <Position type="Vector">6.3797512, 6.1554427, 0.644647</Position>
            </HpRunningLightFront01>
            <HpRunningLightFront02>
               <Orientation type="Matrix">
                   -1.0000000000, -87.422777e-09,  3.5527130e-15,
                   13.974320e-15, -119.20928e-09,   1.0000000000,
                  -87.422777e-09,   1.0000000000,  119.20928e-09
               </Orientation>
               <Position type="Vector">-6.3958182, 6.2130046, 0.64518243</Position>
            </HpRunningLightFront02>
            <HpRunningLightFront03>
               <Orientation type="Matrix">
                   -1.0000000000, -87.422777e-09,  3.5527130e-15,
                   13.974320e-15, -119.20928e-09,   1.0000000000,
                  -87.422777e-09,   1.0000000000,  119.20928e-09
               </Orientation>
               <Position type="Vector">-6.3958182, -6.2233744, 0.65321058</Position>
            </HpRunningLightFront03>
            <HpRunningLightFront04>
               <Orientation type="Matrix">
                   -1.0000000000, -87.422791e-09,  7.1054265e-15,
                   17.527034e-15, -119.20928e-09,   1.0000000000,
                  -87.422791e-09,   1.0000000000,  119.20928e-09
               </Orientation>
               <Position type="Vector">6.3838153, -6.2139897, 0.64222163</Position>
            </HpRunningLightFront04>
            <HpRunningLightTip01>
               <Orientation type="Matrix">
                   -1.0000000000, -87.422777e-09,  3.5527130e-15,
                   13.974320e-15, -119.20928e-09,   1.0000000000,
                  -87.422777e-09,   1.0000000000,  119.20928e-09
               </Orientation>
               <Position type="Vector">19.704443, 2.0727773, 5.244678</Position>
            </HpRunningLightTip01>
            <HpRunningLightTip02>
               <Orientation type="Matrix">
                   -1.0000000000, -87.422777e-09,  3.5527130e-15,
                   13.974320e-15, -119.20928e-09,   1.0000000000,
                  -87.422777e-09,   1.0000000000,  119.20928e-09
               </Orientation>
               <Position type="Vector">-19.629354, 2.0940866, 5.2446747</Position>
            </HpRunningLightTip02>
            <HpRunningLightTip03>
               <Orientation type="Matrix">
                   -1.0000000000, -87.422777e-09,  3.5527130e-15,
                   13.974320e-15, -119.20928e-09,   1.0000000000,
                  -87.422777e-09,   1.0000000000,  119.20928e-09
               </Orientation>
               <Position type="Vector">-19.629354, -2.0964451, 5.2446742</Position>
            </HpRunningLightTip03>
            <HpRunningLightTip04>
               <Orientation type="Matrix">
                   -1.0000000000, -87.422777e-09,  3.5527130e-15,
                   13.974320e-15, -119.20928e-09,   1.0000000000,
                  -87.422777e-09,   1.0000000000,  119.20928e-09
               </Orientation>
               <Position type="Vector">19.704443, -2.0964451, 5.2446775</Position>
            </HpRunningLightTip04>
         </Fixed>
         <Revolute>
            <HpLaserLeft01>
               <Axis type="Vector">0, 1, 0</Axis>
               <Max type="float">6.2831855</Max>
               <Min type="float">-6.2831855</Min>
               <Orientation type="Matrix">
                    0.8746164400,  -0.3491884800,   0.3363235600,
                   -0.0068250904,   0.6847775000,   0.7287202500,
                   -0.4847675300,  -0.6396461100,   0.5965344300
               </Orientation>
               <Position type="Vector">-9.886591, 1.9114708, -0.39105257</Position>
            </HpLaserLeft01>
            <HpLaserLeft02>
               <Axis type="Vector">0, 1, 0</Axis>
               <Max type="float">6.2831855</Max>
               <Min type="float">-6.2831855</Min>
               <Orientation type="Matrix">
                    0.8746163800,  -0.3491884800,   0.3363236200,
                   -0.0068251258,   0.6847775600,   0.7287201900,
                   -0.4847675600,  -0.6396460500,   0.5965344300
               </Orientation>
               <Position type="Vector">-16.099308, 1.9064878, 3.0194013</Position>
            </HpLaserLeft02>
            <HpLaserLeft03>
               <Axis type="Vector">0, 1, 0</Axis>
               <Max type="float">6.2831855</Max>
               <Min type="float">-6.2831855</Min>
               <Orientation type="Matrix">
                   -0.8746163800,  -0.3491886300,   0.3363235300,
                   -0.0068250033,  -0.6847774400,  -0.7287203100,
                    0.4847676200,  -0.6396461100,   0.5965343700
               </Orientation>
               <Position type="Vector">-16.080446, -2.1431665, 3.1186819</Position>
            </HpLaserLeft03>
            <HpLaserLeft04>
               <Axis type="Vector">0, 1, 0</Axis>
               <Max type="float">6.2831855</Max>
               <Min type="float">-6.2831855</Min>
               <Orientation type="Matrix">
                   -0.8746163800,  -0.3491886300,   0.3363235300,
                   -0.0068250033,  -0.6847774400,  -0.7287203100,
                    0.4847676200,  -0.6396461100,   0.5965343700
               </Orientation>
               <Position type="Vector">-9.886591, -2.1758971, -0.39105263</Position>
            </HpLaserLeft04>
            <HpLaserRight01>
               <Axis type="Vector">0, 1, 0</Axis>
               <Max type="float">6.2831855</Max>
               <Min type="float">-6.2831855</Min>
               <Orientation type="Matrix">
                    0.8987577000,   0.3236811800,  -0.2957449900,
                   -0.0068250615,   0.6847772600,   0.7287204900,
                    0.4383925500,  -0.6529246600,   0.6176579600
               </Orientation>
               <Position type="Vector">16.111914, 1.882126, 3.1232402</Position>
            </HpLaserRight01>
            <HpLaserRight02>
               <Axis type="Vector">0, 1, 0</Axis>
               <Max type="float">6.2831855</Max>
               <Min type="float">-6.2831855</Min>
               <Orientation type="Matrix">
                    0.8987577000,   0.3236811800,  -0.2957449900,
                   -0.0068250615,   0.6847772600,   0.7287204900,
                    0.4383925500,  -0.6529246600,   0.6176579600
               </Orientation>
               <Position type="Vector">9.9282665, 1.939248, -0.38076296</Position>
            </HpLaserRight02>
            <HpLaserRight03>
               <Axis type="Vector">0, 1, 0</Axis>
               <Max type="float">6.2831855</Max>
               <Min type="float">-6.2831855</Min>
               <Orientation type="Matrix">
                   -0.8987577000,   0.3236812100,  -0.2957450700,
                   -0.0068250955,  -0.6847773800,  -0.7287203700,
                   -0.4383926100,  -0.6529245400,   0.6176580800
               </Orientation>
               <Position type="Vector">9.9282665, -2.2036743, -0.38076302</Position>
            </HpLaserRight03>
            <HpLaserRight04>
               <Axis type="Vector">0, 1, 0</Axis>
               <Max type="float">6.2831855</Max>
               <Min type="float">-6.2831855</Min>
               <Orientation type="Matrix">
                   -0.8987577000,   0.3236812100,  -0.2957450700,
                   -0.0068250955,  -0.6847773800,  -0.7287203700,
                   -0.4383926100,  -0.6529245400,   0.6176580800
               </Orientation>
               <Position type="Vector">16.111914, -2.1465528, 3.1232402</Position>
            </HpLaserRight04>
            <HpMissle01>
               <Axis type="Vector">0, 1, 0</Axis>
               <Max type="float">0</Max>
               <Min type="float">-9.9999997e-6</Min>
               <Orientation type="Matrix">
                    0.9781175300,   0.1561095000,  -0.1375351100,
                   -0.0068250168,   0.6847775600,   0.7287201900,
                    0.2079411000,  -0.7118353200,   0.6708583800
               </Orientation>
               <Position type="Vector">2.2457671, 4.6499352, -1.1090451</Position>
            </HpMissle01>
            <HpMissle02>
               <Axis type="Vector">0, 1, 0</Axis>
               <Max type="float">6.2831855</Max>
               <Min type="float">-6.2831855</Min>
               <Orientation type="Matrix">
                    0.9862684000,  -0.1156414300,   0.1179054700,
                   -0.0068251770,   0.6847774400,   0.7287202500,
                   -0.1650092600,  -0.7195184800,   0.6745851000
               </Orientation>
               <Position type="Vector">-2.2561996, 4.6489029, -1.1848754</Position>
            </HpMissle02>
            <HpMissle03>
               <Axis type="Vector">0, 1, 0</Axis>
               <Max type="float">6.2831855</Max>
               <Min type="float">-6.2831855</Min>
               <Orientation type="Matrix">
                    0.9862684000,  -0.1156414300,   0.1179054700,
                   -0.0068251770,   0.6847774400,   0.7287202500,
                   -0.1650092600,  -0.7195184800,   0.6745851000
               </Orientation>
               <Position type="Vector">-4.8772197, 1.7808756, -2.6203086</Position>
            </HpMissle03>
            <HpMissle04>
               <Axis type="Vector">0, 1, 0</Axis>
               <Max type="float">6.2831855</Max>
               <Min type="float">-6.2831855</Min>
               <Orientation type="Matrix">
                   -0.9862684000,  -0.1156414200,   0.1179054000,
                   -0.0068251584,  -0.6847773800,  -0.7287203100,
                    0.1650092200,  -0.7195185400,   0.6745850400
               </Orientation>
               <Position type="Vector">-4.8772197, -2.0453019, -2.6203086</Position>
            </HpMissle04>
            <HpMissle05>
               <Axis type="Vector">0, 1, 0</Axis>
               <Max type="float">6.2831855</Max>
               <Min type="float">-6.2831855</Min>
               <Orientation type="Matrix">
                   -0.9862684000,  -0.1156414200,   0.1179054000,
                   -0.0068251584,  -0.6847773800,  -0.7287203100,
                    0.1650092200,  -0.7195185400,   0.6745850400
               </Orientation>
               <Position type="Vector">-2.2561996, -4.9133291, -1.1848755</Position>
            </HpMissle05>
            <HpMissle06>
               <Axis type="Vector">0, 1, 0</Axis>
               <Max type="float">6.2831855</Max>
               <Min type="float">-6.2831855</Min>
               <Orientation type="Matrix">
                   -0.9781175300,   0.1561096500,  -0.1375350100,
                   -0.0068251537,  -0.6847774400,  -0.7287203700,
                   -0.2079411300,  -0.7118354400,   0.6708582600
               </Orientation>
               <Position type="Vector">2.2457671, -4.9143615, -1.1090453</Position>
            </HpMissle06>
            <HpMissle07>
               <Axis type="Vector">0, 1, 0</Axis>
               <Max type="float">6.2831855</Max>
               <Min type="float">-6.2831855</Min>
               <Orientation type="Matrix">
                   -0.9723390900,   0.1746898900,  -0.1550488900,
                   -0.0068252254,  -0.6847774400,  -0.7287203100,
                   -0.2334740600,  -0.7075049300,   0.6670281900
               </Orientation>
               <Position type="Vector">4.8507309, -2.0453019, -2.6542161</Position>
            </HpMissle07>
            <HpMissle08>
               <Axis type="Vector">0, 1, 0</Axis>
               <Max type="float">6.2831855</Max>
               <Min type="float">-6.2831855</Min>
               <Orientation type="Matrix">
                    0.9723390900,   0.1746897800,  -0.1550489700,
                   -0.0068251034,   0.6847775000,   0.7287202500,
                    0.2334740300,  -0.7075049900,   0.6670281900
               </Orientation>
               <Position type="Vector">4.8507309, 1.7808756, -2.6542161</Position>
            </HpMissle08>
         </Revolute>
      </Hardpoints>
      <VMeshWire include="weapons_platform_small_3db\weapons_platform_small.vwd.xml"/>
      <MultiLevel>
         <Level0>
            <VMeshPart>
               <VMeshRef type="VMeshRef">
                  <!-- header size  --> 60,
                  <!-- vmesh lib    --> data.solar.misc.weapons_platform_small.lod0-112.vms,
                  <!-- start vert   --> 0,
                  <!-- num verts    --> 273,
                  <!-- start index  --> 0,
                  <!-- num indices  --> 297,
                  <!-- start mesh   --> 0,
                  <!-- num meshes   --> 5,
                  <!-- bounding box -->  20.022818,     7.4495926,    6.3897967,
                                        -20.022818,    -7.4495921,   -6.3897948,
                  <!-- center       -->  -0.023564743,  0.029099891,  0.17476587,
                  <!-- radius       --> 20.786751
               </VMeshRef>
            </VMeshPart>
         </Level0>
         <Level1>
            <VMeshPart>
               <VMeshRef type="VMeshRef">
                  <!-- header size  --> 60,
                  <!-- vmesh lib    --> data.solar.misc.weapons_platform_small.lod1-112.vms,
                  <!-- start vert   --> 0,
                  <!-- num verts    --> 220,
                  <!-- start index  --> 0,
                  <!-- num indices  --> 234,
                  <!-- start mesh   --> 0,
                  <!-- num meshes   --> 5,
                  <!-- bounding box -->  20.022818,     7.4495926,    6.3897967,
                                        -20.022818,    -7.4495921,   -6.3897948,
                  <!-- center       -->  -0.023564743,  0.029099891,  0.17476587,
                  <!-- radius       --> 20.786751
               </VMeshRef>
            </VMeshPart>
         </Level1>
         <Level2>
            <VMeshPart>
               <VMeshRef type="VMeshRef">
                  <!-- header size  --> 60,
                  <!-- vmesh lib    --> data.solar.misc.weapons_platform_small.lod2-112.vms,
                  <!-- start vert   --> 0,
                  <!-- num verts    --> 114,
                  <!-- start index  --> 0,
                  <!-- num indices  --> 114,
                  <!-- start mesh   --> 0,
                  <!-- num meshes   --> 4,
                  <!-- bounding box -->  20.022818,     7.4495926,    6.3897967,
                                        -20.022818,    -7.4495921,   -6.3897948,
                  <!-- center       -->  -0.023564743,  0.029099891,  0.17476587,
                  <!-- radius       --> 20.786751
               </VMeshRef>
            </VMeshPart>
         </Level2>
         <Level3>
            <VMeshPart>
               <VMeshRef type="VMeshRef">
                  <!-- header size  --> 60,
                  <!-- vmesh lib    --> data.solar.misc.weapons_platform_small.lod3-112.vms,
                  <!-- start vert   --> 0,
                  <!-- num verts    --> 42,
                  <!-- start index  --> 0,
                  <!-- num indices  --> 42,
                  <!-- start mesh   --> 0,
                  <!-- num meshes   --> 4,
                  <!-- bounding box -->  20.022818,     7.4495926,    6.3897967,
                                        -20.022818,    -7.4495921,   -6.3897948,
                  <!-- center       -->  -0.023564743,  0.029099891,  0.17476587,
                  <!-- radius       --> 20.786751
               </VMeshRef>
            </VMeshPart>
         </Level3>
         <Switch2 type="float array" count="5">
            0,
            100,
            1000,
            10000,
            1000000
         </Switch2>
      </MultiLevel>
   </UTF_ROOT>
</UTFXML>
