<?xml version="1.0" encoding="ISO-8859-1"?>
<!-- XML generated by UTFXML Version 2.2 built 19-Aug-2010 -->
<UTFXML filename="no2_gunboat.3db" path="SHIPS\NOMAD">
   <UTF_ROOT>
      <VMeshLibrary>
         <data.ships.nomad2.no2_gunboat.no2_gunboat.lod0-112.vms include="no2_gunboat_3db\lod0-112.vms.xml"/>
         <data.ships.nomad2.no2_gunboat.no2_gunboat.lod1-112.vms include="no2_gunboat_3db\lod1-112.vms.xml"/>
         <data.ships.nomad2.no2_gunboat.no2_gunboat.lod2-112.vms include="no2_gunboat_3db\lod2-112.vms.xml"/>
      </VMeshLibrary>
      <Exporter_Version name="Exporter Version" type="text">MAXLancer Tools 0.97</Exporter_Version>
      <MultiLevel>
         <Switch2 type="float array" count="4">
            0,
            500,
            5000,
            10000
         </Switch2>
         <Level0>
            <VMeshPart>
               <VMeshRef type="VMeshRef">
                  <!-- header size  --> 60,
                  <!-- vmesh lib    --> data.ships.nomad2.no2_gunboat.no2_gunboat.lod0-112.vms,
                  <!-- start vert   --> 0,
                  <!-- num verts    --> 3923,
                  <!-- start index  --> 0,
                  <!-- num indices  --> 14316,
                  <!-- start mesh   --> 0,
                  <!-- num meshes   --> 3,
                  <!-- bounding box -->  51.991966,      60.035126,  180.06053,
                                        -51.991947,     -38.958508, -190.3974,
                  <!-- center       -->   9.5367432e-6,  10.538309,   -5.1684341,
                  <!-- radius       --> 257.87155
               </VMeshRef>
            </VMeshPart>
         </Level0>
         <Level1>
            <VMeshPart>
               <VMeshRef type="VMeshRef">
                  <!-- header size  --> 60,
                  <!-- vmesh lib    --> data.ships.nomad2.no2_gunboat.no2_gunboat.lod1-112.vms,
                  <!-- start vert   --> 0,
                  <!-- num verts    --> 1714,
                  <!-- start index  --> 0,
                  <!-- num indices  --> 5724,
                  <!-- start mesh   --> 0,
                  <!-- num meshes   --> 1,
                  <!-- bounding box -->  51.991966,      60.035126,  180.06053,
                                        -51.991947,     -38.958508, -190.3974,
                  <!-- center       -->   9.5367432e-6,  10.538309,   -5.1684341,
                  <!-- radius       --> 257.87155
               </VMeshRef>
            </VMeshPart>
         </Level1>
         <Level2>
            <VMeshPart>
               <VMeshRef type="VMeshRef">
                  <!-- header size  --> 60,
                  <!-- vmesh lib    --> data.ships.nomad2.no2_gunboat.no2_gunboat.lod2-112.vms,
                  <!-- start vert   --> 0,
                  <!-- num verts    --> 1342,
                  <!-- start index  --> 0,
                  <!-- num indices  --> 4020,
                  <!-- start mesh   --> 0,
                  <!-- num meshes   --> 1,
                  <!-- bounding box -->  50.639141,      57.942867,   180.06053,
                                        -50.639137,     -38.546368,  -190.3974,
                  <!-- center       -->   1.9073486e-6,   9.6982498,   -5.1684341,
                  <!-- radius       --> 256.70041
               </VMeshRef>
            </VMeshPart>
         </Level2>
      </MultiLevel>
      <VMeshWire include="no2_gunboat_3db\no2_gunboat.vwd.xml"/>
      <Hardpoints>
         <Fixed>
            <HpEngine01>
               <Position type="Vector">0, 0, 169.72501</Position>
               <Orientation type="Matrix">
                    1.0000000000,   0.0000000000,   0.0000000000,
                    0.0000000000,   1.0000000000,   0.0000000000,
                    0.0000000000,   0.0000000000,   1.0000000000
               </Orientation>
            </HpEngine01>
            <HpFX01>
               <Position type="Vector">32.904751, 18.998251, 3.4091001</Position>
               <Orientation type="Matrix">
                    0.4999998800,   0.6634143600,  -0.5566703100,
                   -0.8660256900,   0.3830224000,  -0.3213937600,
                   52.154064e-09,   0.6427875800,   0.7660442000
               </Orientation>
            </HpFX01>
            <HpFX02>
               <Position type="Vector">-32.904751, 18.998251, 3.4091001</Position>
               <Orientation type="Matrix">
                    0.5000001200,  -0.6634136400,   0.5566716800,
                    0.8660258100,   0.3830217100,  -0.3213941500,
                  -44.703484e-09,   0.6427882300,   0.7660441400
               </Orientation>
            </HpFX02>
            <HpFX03>
               <Position type="Vector">0, -37.992851, 3.4091001</Position>
               <Orientation type="Matrix">
                   -0.9999998800, -250.31011e-09, -298.30926e-09,
                   682.12103e-15,  -0.7660445000,   0.6427878100,
                  -389.41451e-09,   0.6427879900,   0.7660446800
               </Orientation>
            </HpFX03>
            <HpMount>
               <Position type="Vector">0, -40.15, 0</Position>
               <Orientation type="Matrix">
                    1.0000000000,   0.0000000000,   0.0000000000,
                    0.0000000000,   1.0000000000,   0.0000000000,
                    0.0000000000,   0.0000000000,   1.0000000000
               </Orientation>
            </HpMount>
            <HpShield01>
               <Position type="Vector">0, 0, -9.125</Position>
               <Orientation type="Matrix">
                    1.0000000000,   0.0000000000,   0.0000000000,
                    0.0000000000,   1.0000000000,   0.0000000000,
                    0.0000000000,   0.0000000000,   1.0000000000
               </Orientation>
            </HpShield01>
            <HpThruster01>
               <Position type="Vector">0, 0, 173.375</Position>
               <Orientation type="Matrix">
                    1.0000000000,   0.0000000000,   0.0000000000,
                    0.0000000000,   1.0000000000,   0.0000000000,
                    0.0000000000,   0.0000000000,   1.0000000000
               </Orientation>
            </HpThruster01>
            <HpWeapon01>
               <Position type="Vector">0, 0, -146</Position>
               <Orientation type="Matrix">
                    1.0000000000,   0.0000000000,   0.0000000000,
                    0.0000000000,   1.0000000000,   0.0000000000,
                    0.0000000000,   0.0000000000,   1.0000000000
               </Orientation>
            </HpWeapon01>
            <HpPilot>
               <Position type="Vector">0, 0, -87.6</Position>
               <Orientation type="Matrix">
                    1.0000000000,   0.0000000000,   0.0000000000,
                    0.0000000000,   1.0000000000,   0.0000000000,
                    0.0000000000,   0.0000000000,   1.0000000000
               </Orientation>
            </HpPilot>
            <HpCloak01>
               <Position type="Vector">0, 0, -9.125</Position>
               <Orientation type="Matrix">
                    1.0000000000,   0.0000000000,   0.0000000000,
                    0.0000000000,   1.0000000000,   0.0000000000,
                    0.0000000000,   0.0000000000,   1.0000000000
               </Orientation>
            </HpCloak01>
            <HpCM01>
               <Position type="Vector">0, 0, 173.37502</Position>
               <Orientation type="Matrix">
                   -1.0000000000, -71.612547e-09, -50.143644e-09,
                   87.422777e-09,  -0.8191520000,  -0.5735763900,
                    0.0000000000,  -0.5735763900,   0.8191520600
               </Orientation>
            </HpCM01>
            <HpCockpit>
               <Position type="Vector">0, 0, -160.60001</Position>
               <Orientation type="Matrix">
                    1.0000000000,   0.0000000000,   0.0000000000,
                    0.0000000000,   1.0000000000,   0.0000000000,
                    0.0000000000,   0.0000000000,   1.0000000000
               </Orientation>
            </HpCockpit>
            <HpCockpitEx>
               <Position type="Vector">0, 73, 292</Position>
               <Orientation type="Matrix">
                    1.0000000000,   0.0000000000,   0.0000000000,
                    0.0000000000,   1.0000000000,   0.0000000000,
                    0.0000000000,   0.0000000000,   1.0000000000
               </Orientation>
            </HpCockpitEx>
            <HpMine01>
               <Position type="Vector">2.1755695e-6, -40.791932e-9, 173.37503</Position>
               <Orientation type="Matrix">
                    1.0000000000,   0.0000000000,   0.0000000000,
                    0.0000000000,   1.0000000000,   0.0000000000,
                    0.0000000000,   0.0000000000,   1.0000000000
               </Orientation>
            </HpMine01>
            <HpRunningLight01>
               <Position type="Vector">0, 29.51755, -87.016006</Position>
               <Orientation type="Matrix">
                    1.0000000000,   0.0000000000,   0.0000000000,
                    0.0000000000,   0.2079118000,  -0.9781476900,
                    0.0000000000,   0.9781476900,   0.2079118000
               </Orientation>
            </HpRunningLight01>
            <HpRunningLight02>
               <Position type="Vector">25.564602, 14.760601, -87.016006</Position>
               <Orientation type="Matrix">
                    0.4999994900,   0.1800567800,  -0.8471013300,
                   -0.8660264600,   0.1039554300,  -0.4890735400,
                  -178.81393e-09,   0.9781476300,   0.2079114300
               </Orientation>
            </HpRunningLight02>
            <HpRunningLight03>
               <Position type="Vector">25.564602, -14.760601, -87.016006</Position>
               <Orientation type="Matrix">
                   -0.5000006600,   0.1800573300,  -0.8471015700,
                   -0.8660259800,  -0.1039553300,   0.4890743500,
                   722.70632e-09,   0.9781477500,   0.2079120000
               </Orientation>
            </HpRunningLight03>
            <HpRunningLight04>
               <Position type="Vector">0, -29.51755, -87.016006</Position>
               <Orientation type="Matrix">
                   -1.0000000000, -362.72857e-09, -166.47623e-09,
                  -87.422833e-09,  -0.2079116600,   0.9781477500,
                  -389.41437e-09,   0.9781477500,   0.2079116600
               </Orientation>
            </HpRunningLight04>
            <HpRunningLight05>
               <Position type="Vector">-25.564602, -14.760601, -87.016006</Position>
               <Orientation type="Matrix">
                   -0.5000037600,  -0.1800539500,   0.8471000000,
                    0.8660241400,  -0.1039555400,   0.4890776300,
                   329.68819e-09,   0.9781480400,   0.2079092000
               </Orientation>
            </HpRunningLight05>
            <HpRunningLight06>
               <Position type="Vector">-25.564602, 14.760601, -87.016006</Position>
               <Orientation type="Matrix">
                    0.5000000000,  -0.1800562100,   0.8471004400,
                    0.8660256300,   0.1039555400,  -0.4890741400,
                  -60.535967e-09,   0.9781479200,   0.2079109000
               </Orientation>
            </HpRunningLight06>
            <HpRunningLight07>
               <Position type="Vector">0, 51.16935, 66.878952</Position>
               <Orientation type="Matrix">
                    1.0000000000,   0.0000000000,   0.0000000000,
                    0.0000000000,  -0.3907312800,  -0.9205048100,
                    0.0000000000,   0.9205048100,  -0.3907312800
               </Orientation>
            </HpRunningLight07>
            <HpRunningLight08>
               <Position type="Vector">43.8, -25.58285, 66.878952</Position>
               <Orientation type="Matrix">
                   -0.5000010100,  -0.3383833200,  -0.7971807700,
                   -0.8660243200,   0.1953659400,   0.4602537500,
                  -283.12206e-09,   0.9205051100,  -0.3907312200
               </Orientation>
            </HpRunningLight08>
            <HpRunningLight09>
               <Position type="Vector">-44.311001, -25.58285, 66.878952</Position>
               <Orientation type="Matrix">
                   -0.5000056000,   0.3383839700,   0.7971770800,
                    0.8660225900,   0.1953683900,   0.4602572000,
                   737.60748e-09,   0.9205032600,  -0.3907333600
               </Orientation>
            </HpRunningLight09>
            <HpBayDoor01>
               <Position type="Vector">0, 70, 19.951836</Position>
               <Orientation type="Matrix">
                    1.0000000000,   0.0000000000,   0.0000000000,
                    0.0000000000,   1.0000000000,   0.0000000000,
                    0.0000000000,   0.0000000000,   1.0000000000
               </Orientation>
            </HpBayDoor01>
            <HpBayDoor02>
               <Position type="Vector">0, 75, 14.362773</Position>
               <Orientation type="Matrix">
                    1.0000000000,   0.0000000000,   0.0000000000,
                    0.0000000000,   1.0000000000,   0.0000000000,
                    0.0000000000,   0.0000000000,   1.0000000000
               </Orientation>
            </HpBayDoor02>
            <HpSpecialEquipment01>
               <Position type="Vector">0, 0, 0</Position>
               <Orientation type="Matrix">
                    1.0000000000,   0.0000000000,   0.0000000000,
                    0.0000000000,   1.0000000000,   0.0000000000,
                    0.0000000000,   0.0000000000,   1.0000000000
               </Orientation>
            </HpSpecialEquipment01>
            <HpSpecialEquipment02>
               <Position type="Vector">0, 0, 0</Position>
               <Orientation type="Matrix">
                    1.0000000000,   0.0000000000,   0.0000000000,
                    0.0000000000,   1.0000000000,   0.0000000000,
                    0.0000000000,   0.0000000000,   1.0000000000
               </Orientation>
            </HpSpecialEquipment02>
            <HpSpecialEquipment03>
               <Position type="Vector">0, 0, 0</Position>
               <Orientation type="Matrix">
                    1.0000000000,   0.0000000000,   0.0000000000,
                    0.0000000000,   1.0000000000,   0.0000000000,
                    0.0000000000,   0.0000000000,   1.0000000000
               </Orientation>
            </HpSpecialEquipment03>
            <HpSpecialEquipment04>
               <Position type="Vector">0, 0, 0</Position>
               <Orientation type="Matrix">
                    1.0000000000,   0.0000000000,   0.0000000000,
                    0.0000000000,   1.0000000000,   0.0000000000,
                    0.0000000000,   0.0000000000,   1.0000000000
               </Orientation>
            </HpSpecialEquipment04>
            <HpSpecialEquipment05>
               <Position type="Vector">0, 0, 0</Position>
               <Orientation type="Matrix">
                    1.0000000000,   0.0000000000,   0.0000000000,
                    0.0000000000,   1.0000000000,   0.0000000000,
                    0.0000000000,   0.0000000000,   1.0000000000
               </Orientation>
            </HpSpecialEquipment05>
            <HpSpecialEquipment06>
               <Position type="Vector">0, 0, 0</Position>
               <Orientation type="Matrix">
                    1.0000000000,   0.0000000000,   0.0000000000,
                    0.0000000000,   1.0000000000,   0.0000000000,
                    0.0000000000,   0.0000000000,   1.0000000000
               </Orientation>
            </HpSpecialEquipment06>
            <HpSpecialEquipment07>
               <Position type="Vector">0, 0, 0</Position>
               <Orientation type="Matrix">
                    1.0000000000,   0.0000000000,   0.0000000000,
                    0.0000000000,   1.0000000000,   0.0000000000,
                    0.0000000000,   0.0000000000,   1.0000000000
               </Orientation>
            </HpSpecialEquipment07>
            <HpSpecialEquipment08>
               <Position type="Vector">0, 0, 0</Position>
               <Orientation type="Matrix">
                    1.0000000000,   0.0000000000,   0.0000000000,
                    0.0000000000,   1.0000000000,   0.0000000000,
                    0.0000000000,   0.0000000000,   1.0000000000
               </Orientation>
            </HpSpecialEquipment08>
            <HpRunningLight10>
               <Position type="Vector">-20.885469e-6, 52.45578, 2.4880302</Position>
               <Orientation type="Matrix">
                    1.0000000000,   0.0000000000,   0.0000000000,
                    0.0000000000,   0.9396926200,   0.3420200600,
                    0.0000000000,  -0.3420200600,   0.9396926200
               </Orientation>
            </HpRunningLight10>
            <HpRunningLight11>
               <Position type="Vector">45.428047, -26.22788, 2.4880302</Position>
               <Orientation type="Matrix">
                   -0.5000007200,   0.8137978300,   0.2961981300,
                   -0.8660255700,  -0.4698472000,  -0.1710105800,
                  -335.27613e-09,  -0.3420201500,   0.9396927400
               </Orientation>
            </HpRunningLight11>
            <HpRunningLight12>
               <Position type="Vector">-45.42804, -26.227898, 2.4880302</Position>
               <Orientation type="Matrix">
                   -0.5000026200,  -0.8137962200,  -0.2961985200,
                    0.8660243200,  -0.4698487500,  -0.1710112500,
                  -290.57264e-09,  -0.3420209600,   0.9396928500
               </Orientation>
            </HpRunningLight12>
            <HpRunningLight13>
               <Position type="Vector">0.031225434, 32.901917, -33.930717</Position>
               <Orientation type="Matrix">
                   -1.0000000000, -67.621087e-09,  383.49827e-09,
                  -3.5527137e-15,   0.9848077300,   0.1736481500,
                  -389.41437e-09,   0.1736481500,  -0.9848077300
               </Orientation>
            </HpRunningLight13>
            <HpRunningLight14>
               <Position type="Vector">28.478283, -16.478001, -33.930717</Position>
               <Orientation type="Matrix">
                    0.5000000000,   0.8528690300,   0.1503838200,
                    0.8660258700,  -0.4924037500,  -0.0868239850,
                  -29.802322e-09,   0.1736480700,  -0.9848083300
               </Orientation>
            </HpRunningLight14>
            <HpRunningLight15>
               <Position type="Vector">-28.509514, -16.423914, -33.930717</Position>
               <Orientation type="Matrix">
                    0.5000000000,  -0.8528692100,  -0.1503836700,
                   -0.8660255700,  -0.4924038100,  -0.0868239250,
                   89.406967e-09,   0.1736482500,  -0.9848079700
               </Orientation>
            </HpRunningLight15>
            <HpShieldUpgrade01>
               <Position type="Vector">0, 0, -9.125</Position>
               <Orientation type="Matrix">
                    1.0000000000,   0.0000000000,   0.0000000000,
                    0.0000000000,   1.0000000000,   0.0000000000,
                    0.0000000000,   0.0000000000,   1.0000000000
               </Orientation>
            </HpShieldUpgrade01>
            <HpShieldUpgrade02>
               <Position type="Vector">0, 0, -9.125</Position>
               <Orientation type="Matrix">
                    1.0000000000,   0.0000000000,   0.0000000000,
                    0.0000000000,   1.0000000000,   0.0000000000,
                    0.0000000000,   0.0000000000,   1.0000000000
               </Orientation>
            </HpShieldUpgrade02>
            <HpShield02>
               <Orientation type="Matrix">
                    1.0000000000,   0.0000000000,   0.0000000000,
                    0.0000000000,   1.0000000000,   0.0000000000,
                    0.0000000000,   0.0000000000,   1.0000000000
               </Orientation>
               <Position type="Vector">0, 0, 0</Position>
            </HpShield02>
            <HpShield03>
               <Orientation type="Matrix">
                    1.0000000000,   0.0000000000,   0.0000000000,
                    0.0000000000,   1.0000000000,   0.0000000000,
                    0.0000000000,   0.0000000000,   1.0000000000
               </Orientation>
               <Position type="Vector">0, 0, 0</Position>
            </HpShield03>
            <HpShield04>
               <Orientation type="Matrix">
                    1.0000000000,   0.0000000000,   0.0000000000,
                    0.0000000000,   1.0000000000,   0.0000000000,
                    0.0000000000,   0.0000000000,   1.0000000000
               </Orientation>
               <Position type="Vector">0, 0, 0</Position>
            </HpShield04>
            <HpTractor_Source>
               <Orientation type="Matrix">
                    1.0000000000,   0.0000000000,   0.0000000000,
                    0.0000000000,   1.0000000000,   0.0000000000,
                    0.0000000000,   0.0000000000,   1.0000000000
               </Orientation>
               <Position type="Vector">-0.08753, -0.028534999, -188.70587</Position>
            </HpTractor_Source>
         </Fixed>
         <Revolute>
            <HpTurret01>
               <Position type="Vector">-51.980793, -30.005495, 36.538403</Position>
               <Orientation type="Matrix">
                   59.604645e-09,  -0.9999998800,  -0.0000000000,
                    0.9999998800,  59.604645e-09,   0.0000000000,
                    0.0000000000,  -0.0000000000,   1.0000000000
               </Orientation>
               <Axis type="Vector">0, 1, 0</Axis>
               <Min type="float">-3.1415927</Min>
               <Max type="float">3.1415927</Max>
            </HpTurret01>
            <HpTurret02>
               <Position type="Vector">51.982822, -29.982098, 36.573822</Position>
               <Orientation type="Matrix">
                   59.604645e-09,   0.9999998800,   0.0000000000,
                   -0.9999998800,  59.604645e-09,   0.0000000000,
                    0.0000000000,   0.0000000000,   1.0000000000
               </Orientation>
               <Axis type="Vector">0, 1, 0</Axis>
               <Min type="float">-3.1415927</Min>
               <Max type="float">3.1415927</Max>
            </HpTurret02>
            <HpTurret03>
               <Position type="Vector">-0.014686, 60.006207, 36.496178</Position>
               <Orientation type="Matrix">
                    1.0000000000,   0.0000000000,   0.0000000000,
                    0.0000000000,   1.0000000000,   0.0000000000,
                    0.0000000000,   0.0000000000,   1.0000000000
               </Orientation>
               <Axis type="Vector">0, 1, 0</Axis>
               <Min type="float">-3.1415927</Min>
               <Max type="float">3.1415927</Max>
            </HpTurret03>
            <HpTurret04>
               <Position type="Vector">0.009904, 27.951574, -86.590431</Position>
               <Orientation type="Matrix">
                    1.0000000000,   0.0000000000,   0.0000000000,
                    0.0000000000,   0.9945219200,   0.1045284600,
                    0.0000000000,  -0.1045284600,   0.9945219200
               </Orientation>
               <Axis type="Vector">0, 1, 0</Axis>
               <Min type="float">-3.1415927</Min>
               <Max type="float">3.1415927</Max>
            </HpTurret04>
            <HpTurret05>
               <Position type="Vector">-24.178066, 14.007525, -86.623566</Position>
               <Orientation type="Matrix">
                    0.5735764500,  -0.8146645400,  -0.0856247020,
                    0.8191519400,   0.5704343300,   0.0599550600,
                    0.0000000000,  -0.1045284600,   0.9945218600
               </Orientation>
               <Axis type="Vector">0, 1, 0</Axis>
               <Min type="float">-3.1415927</Min>
               <Max type="float">3.1415927</Max>
            </HpTurret05>
            <HpTurret06>
               <Position type="Vector">24.200184, 13.972262, -86.603462</Position>
               <Orientation type="Matrix">
                    0.5735764500,   0.8146645400,   0.0856247020,
                   -0.8191519400,   0.5704343300,   0.0599550600,
                    0.0000000000,  -0.1045284600,   0.9945218600
               </Orientation>
               <Axis type="Vector">0, 1, 0</Axis>
               <Min type="float">-3.1415927</Min>
               <Max type="float">3.1415927</Max>
            </HpTurret06>
            <HpTurret07>
               <Position type="Vector">-24.200163, -13.947174, -86.660744</Position>
               <Orientation type="Matrix">
                   -0.5735763300,  -0.8146645400,  -0.0856247020,
                    0.8191519400,  -0.5704342100,  -0.0599550600,
                    0.0000000000,  -0.1045284600,   0.9945218600
               </Orientation>
               <Axis type="Vector">0, 1, 0</Axis>
               <Min type="float">-3.1415927</Min>
               <Max type="float">3.1415927</Max>
            </HpTurret07>
            <HpTurret08>
               <Position type="Vector">24.192888, -13.967201, -86.622047</Position>
               <Orientation type="Matrix">
                   -0.5735763300,   0.8146645400,   0.0856247020,
                   -0.8191519400,  -0.5704342100,  -0.0599550600,
                    0.0000000000,  -0.1045284600,   0.9945218600
               </Orientation>
               <Axis type="Vector">0, 1, 0</Axis>
               <Min type="float">-3.1415927</Min>
               <Max type="float">3.1415927</Max>
            </HpTurret08>
            <HpTurret09>
               <Position type="Vector">0.00611, -27.943926, -86.60537</Position>
               <Orientation type="Matrix">
                   -1.0000000000, -86.943864e-09, -9.1381684e-09,
                   87.422769e-09,  -0.9945218600,  -0.1045284600,
                    0.0000000000,  -0.1045284600,   0.9945219200
               </Orientation>
               <Axis type="Vector">0, 1, 0</Axis>
               <Min type="float">-3.1415927</Min>
               <Max type="float">3.1415927</Max>
            </HpTurret09>
            <HpTorpedo01>
               <Position type="Vector">0, 0, -146</Position>
               <Orientation type="Matrix">
                    1.0000000000,   0.0000000000,   0.0000000000,
                    0.0000000000,   1.0000000000,   0.0000000000,
                    0.0000000000,   0.0000000000,   1.0000000000
               </Orientation>
               <Axis type="Vector">0, 0, 0</Axis>
               <Min type="float">-0.78539819</Min>
               <Max type="float">0.78539819</Max>
            </HpTorpedo01>
            <HpTurret10>
               <Axis type="Vector">0, 1, 0</Axis>
               <Max type="float">3.1415927</Max>
               <Min type="float">-3.1415927</Min>
               <Orientation type="Matrix">
                    0.5000000000,  -0.8660253900,  -0.0000000000,
                    0.8660253900,   0.5000000000,   0.0000000000,
                    0.0000000000,  -0.0000000000,   1.0000000000
               </Orientation>
               <Position type="Vector">-33.68491, 19.521484, 2.268204</Position>
            </HpTurret10>
            <HpTurret11>
               <Axis type="Vector">0, 1, 0</Axis>
               <Max type="float">3.1415927</Max>
               <Min type="float">-3.1415927</Min>
               <Orientation type="Matrix">
                    0.5000000000,   0.8660253900,   0.0000000000,
                   -0.8660253900,   0.5000000000,   0.0000000000,
                    0.0000000000,   0.0000000000,   1.0000000000
               </Orientation>
               <Position type="Vector">33.706242, 19.496256, 2.2692909</Position>
            </HpTurret11>
            <HpTurret12>
               <Axis type="Vector">0, 1, 0</Axis>
               <Max type="float">3.1415927</Max>
               <Min type="float">-3.1415927</Min>
               <Orientation type="Matrix">
                   -1.0000000000, -87.422777e-09,   0.0000000000,
                   87.422777e-09,  -1.0000000000,  -0.0000000000,
                    0.0000000000,   0.0000000000,   1.0000000000
               </Orientation>
               <Position type="Vector">0.02602, -38.877647, 2.198415</Position>
            </HpTurret12>
            <HpTurret13>
               <Axis type="Vector">0, 1, 0</Axis>
               <Max type="float">3.1415927</Max>
               <Min type="float">-3.1415927</Min>
               <Orientation type="Matrix">
                   -0.4694715700,  -0.8829475600,  -0.0000000000,
                    0.8829475600,  -0.4694715700,   0.0000000000,
                    0.0000000000,  -0.0000000000,   1.0000000000
               </Orientation>
               <Position type="Vector">-48.229286, -27.914951, 18.634346</Position>
            </HpTurret13>
            <HpTurret14>
               <Axis type="Vector">0, 1, 0</Axis>
               <Max type="float">3.1415927</Max>
               <Min type="float">-3.1415927</Min>
               <Orientation type="Matrix">
                   -0.4694715700,   0.8829475600,   0.0000000000,
                   -0.8829475600,  -0.4694715700,   0.0000000000,
                    0.0000000000,   0.0000000000,   1.0000000000
               </Orientation>
               <Position type="Vector">48.261429, -27.835241, 18.550922</Position>
            </HpTurret14>
            <HpTurret15>
               <Axis type="Vector">0, 1, 0</Axis>
               <Max type="float">3.1415927</Max>
               <Min type="float">-3.1415927</Min>
               <Orientation type="Matrix">
                    1.0000000000,   0.0000000000,   0.0000000000,
                    0.0000000000,   1.0000000000,   0.0000000000,
                    0.0000000000,   0.0000000000,   1.0000000000
               </Orientation>
               <Position type="Vector">0.011606, 55.709511, 18.523819</Position>
            </HpTurret15>
            <HpTurret16>
               <Axis type="Vector">0, 1, 0</Axis>
               <Max type="float">3.1415927</Max>
               <Min type="float">-3.1415927</Min>
               <Orientation type="Matrix">
                    1.0000000000,   0.0000000000,   0.0000000000,
                    0.0000000000,   1.0000000000,   0.0000000000,
                    0.0000000000,   0.0000000000,   1.0000000000
               </Orientation>
               <Position type="Vector">0.043666001, 35.933514, -47.499348</Position>
            </HpTurret16>
            <HpTurret17>
               <Axis type="Vector">0, 1, 0</Axis>
               <Max type="float">3.1415927</Max>
               <Min type="float">-3.1415927</Min>
               <Orientation type="Matrix">
                   -0.4226183900,  -0.9063077600,  -0.0000000000,
                    0.9063077600,  -0.4226183900,   0.0000000000,
                    0.0000000000,  -0.0000000000,   1.0000000000
               </Orientation>
               <Position type="Vector">-30.995125, -17.959532, -52.887852</Position>
            </HpTurret17>
            <HpTurret18>
               <Axis type="Vector">0, 1, 0</Axis>
               <Max type="float">3.1415927</Max>
               <Min type="float">-3.1415927</Min>
               <Orientation type="Matrix">
                   -0.4226183900,   0.9063077600,   0.0000000000,
                   -0.9063077600,  -0.4226183900,   0.0000000000,
                    0.0000000000,   0.0000000000,   1.0000000000
               </Orientation>
               <Position type="Vector">31.138771, -18.007259, -47.439011</Position>
            </HpTurret18>
         </Revolute>
      </Hardpoints>
   </UTF_ROOT>
</UTFXML>
