<?xml version="1.0" encoding="ISO-8859-1"?>
<!-- XML generated by UTFXML Version 2.2 built 19-Aug-2010 -->
<UTFXML filename="prop_artifact_crystal.3db" path="CHARACTERS\PROPS" unk3="0x30303030">
   <UTF_ROOT>
      <VMeshLibrary>
         <data.characters.props.prop_artifact_crystal.lod0-112.vms include="prop_artifact_crystal_3db\lod0-112.vms.xml"/>
      </VMeshLibrary>
      <Exporter_Version name="Exporter Version" type="text">Jun 10 2002 16:27:11</Exporter_Version>
      <VMeshPart>
         <VMeshRef type="VMeshRef">
            <!-- header size  --> 60,
            <!-- vmesh lib    --> data.characters.props.prop_artifact_crystal.lod0-112.vms,
            <!-- start vert   --> 0,
            <!-- num verts    --> 170,
            <!-- start index  --> 0,
            <!-- num indices  --> 450,
            <!-- start mesh   --> 0,
            <!-- num meshes   --> 1,
            <!-- bounding box -->  0.040789481,  0.041048095,   0.050066814,
                                  -0.040789448, -0.041048113,  -0.05006675,
            <!-- center       --> 16.763806e-9, -9.3132257e-9, 31.664968e-9,
            <!-- radius       --> 0.050066784
         </VMeshRef>
      </VMeshPart>
      <Hardpoints>
         <Fixed>
            <Hp_Rest_crystal>
               <Position type="Vector">-892.76134e-6, -0.0027046546, -0.0032505153</Position>
               <Orientation type="Matrix">
                   -0.2432656600,  -0.9662159700,  -0.0851382170,
                   -0.3133883500,   0.1613617200,  -0.9358152200,
                    0.9179377000,  -0.2009703800,  -0.3420546100
               </Orientation>
            </Hp_Rest_crystal>
            <HpRighthandConnect_prop_crystal>
               <Position type="Vector">-0.035187583, 0.016196225, 0.031181926</Position>
               <Orientation type="Matrix">
                   -0.9964031000,   0.0844484340,  -0.0070244810,
                    0.0275612270,   0.4013465000,   0.9155115500,
                    0.0801327680,   0.9120249200,  -0.4022304100
               </Orientation>
            </HpRighthandConnect_prop_crystal>
            <HpLefthandConnect_prop_crystal>
               <Position type="Vector">0.025936546, 0.013964354, 0.032147568</Position>
               <Orientation type="Matrix">
                   -0.9945374700,   0.0920894520,  -0.0491396780,
                   -0.0075967591,   0.4056690000,   0.9139884700,
                    0.1041031400,   0.9093691100,  -0.4027534700
               </Orientation>
            </HpLefthandConnect_prop_crystal>
            <HpLeftConnect_Artifact_FEM>
               <Position type="Vector">0.045435011, -0.035529286, -0.062101115</Position>
               <Orientation type="Matrix">
                   -0.9955221400,  -0.0943517010,  -0.0057786270,
                    0.0575453900,  -0.5564044700,  -0.8289164900,
                    0.0749944300,  -0.8255372600,   0.5593425000
               </Orientation>
            </HpLeftConnect_Artifact_FEM>
            <HpLeftConnect_Artifact_MALE>
               <Position type="Vector">0.016946623, -0.0043291361, -0.095461562</Position>
               <Orientation type="Matrix">
                   -0.8323941800,  -0.3467347600,   0.4323134400,
                   -0.3121705100,  -0.3511862800,  -0.8827331100,
                    0.4578968300,  -0.8697374500,   0.1840850400
               </Orientation>
            </HpLeftConnect_Artifact_MALE>
         </Fixed>
      </Hardpoints>
      <Mass_properties name="Mass properties">
         <Mass type="float">0.0029326556</Mass>
         <Center_of_mass name="Center of mass" type="Vector">15.89392e-6, 15.835645e-6, -0.0039781388</Center_of_mass>
         <Inertia_tensor name="Inertia tensor" type="Matrix">
             2.1284166e-06, -1.3063804e-09, -153.69667e-12,
            -1.3063804e-09,  2.1919234e-06,  2.6979166e-09,
            -153.69667e-12,  2.6979166e-09,  1.7838347e-06
         </Inertia_tensor>
      </Mass_properties>
      <Extent_tree name="Extent tree">
         <Sphere_1 name="Sphere 1">
            <Name type="text">prop_artifact crystal Sphere 1</Name>
            <Transform type="Transform">
                 1.0000000000,   0.0000000000,   0.0000000000,
                 0.0000000000,   1.0000000000,   0.0000000000,
                 0.0000000000,   0.0000000000,   1.0000000000,
               -15.878959e-06, -15.841933e-06,   0.0039781705
            </Transform>
            <Radius type="float">0.050067287</Radius>
         </Sphere_1>
      </Extent_tree>
      <Material_library name="Material library">
         <Material_count name="Material count" type="int">1</Material_count>
         <prop_artifact_crystal name="prop_artifact crystal">
            <Type type="text">DcDt</Type>
            <Dt_name type="text">prop_artifact crystal 03.tga</Dt_name>
            <Dt_flags type="int">0x40</Dt_flags>
         </prop_artifact_crystal>
      </Material_library>
      <Texture_library name="Texture library">
         <prop_artifact_crystal_03.tga name="prop_artifact crystal 03.tga">
            <MIPS type="file" filename="prop_artifact_crystal_3db\prop_artifact crystal 03.dds"/>
         </prop_artifact_crystal_03.tga>
      </Texture_library>
   </UTF_ROOT>
</UTFXML>
