<?xml version="1.0" encoding="ISO-8859-1"?>
<!-- XML generated by UTFXML Version 2.2 built 19-Aug-2010 -->
<UTFXML filename="prop_torch.3db" path="CHARACTERS\PROPS" unk3="0x30303030">
   <UTF_ROOT>
      <VMeshLibrary>
         <data.characters.props.prop_torch.lod0-112.vms include="prop_torch_3db\lod0-112.vms.xml"/>
      </VMeshLibrary>
      <Exporter_Version name="Exporter Version" type="text">Aug 24 2002 12:33:14</Exporter_Version>
      <VMeshPart>
         <VMeshRef type="VMeshRef">
            <!-- header size  --> 60,
            <!-- vmesh lib    --> data.characters.props.prop_torch.lod0-112.vms,
            <!-- start vert   --> 0,
            <!-- num verts    --> 240,
            <!-- start index  --> 0,
            <!-- num indices  --> 240,
            <!-- start mesh   --> 0,
            <!-- num meshes   --> 1,
            <!-- bounding box -->  0.020615673,   0.11499701,   0.27489063,
                                  -0.02357165,   -0.021676609, -0.1428051,
            <!-- center       --> -0.0017650286,  0.043929942,  0.065320499,
            <!-- radius       --> 0.21919094
         </VMeshRef>
      </VMeshPart>
      <VMeshWire include="prop_torch_3db\prop_torch.vwd.xml"/>
      <Hardpoints>
         <Fixed>
            <HpLeftConnect>
               <Position type="Vector">0.018788405, 0.001637573, -0.01834774</Position>
               <Orientation type="Matrix">
                    0.1396015400,   0.9667354200,  -0.2143223600,
                    0.9889826200,  -0.1253603500,   0.0787281920,
                    0.0492418040,  -0.2229516800,  -0.9735850100
               </Orientation>
            </HpLeftConnect>
            <HpRightConnect>
               <Position type="Vector">0.01911745, 0.010902728, -0.020089388</Position>
               <Orientation type="Matrix">
                    0.1366059200,   0.9652466800,  -0.2227952200,
                    0.9877616200,  -0.1498104600,  -0.0434029250,
                   -0.0752715840,  -0.2141394600,  -0.9738985900
               </Orientation>
            </HpRightConnect>
            <Hp_BATON_EFFECT name="Hp_BATON EFFECT">
               <Position type="Vector">-0.0030442316, 0.12322641, 0.25253689</Position>
               <Orientation type="Matrix">
                   -0.0176221900,   0.9997971700,  -0.0097527290,
                    0.9998412700,   0.0176468320,   0.0024465173,
                    0.0026181259,  -0.0097080683,  -0.9999494600
               </Orientation>
            </Hp_BATON_EFFECT>
         </Fixed>
      </Hardpoints>
      <Material_library name="Material library">
         <Material_count name="Material count" type="int">1</Material_count>
         <Torch>
            <Type type="text">DcDt</Type>
            <Dt_name type="text">prop_rifle.tga</Dt_name>
            <Dt_flags type="int">0x40</Dt_flags>
         </Torch>
      </Material_library>
      <Texture_library name="Texture library">
         <prop_rifle.tga>
            <MIPS type="file" filename="prop_torch_3db\prop_rifle.dds"/>
         </prop_rifle.tga>
      </Texture_library>
   </UTF_ROOT>
</UTFXML>
