<?xml version="1.0" encoding="ISO-8859-1"?>
<!-- XML generated by UTFXML Version 2.2 built 19-Aug-2010 -->
<UTFXML filename="prop_gun_laser_1.3db" path="CHARACTERS\PROPS" unk3="0x30303030">
   <UTF_ROOT>
      <VMeshLibrary>
         <data.characters.props.prop_gun_laser_1.lod0-112.vms include="prop_gun_laser_1_3db\lod0-112.vms.xml"/>
      </VMeshLibrary>
      <Exporter_Version name="Exporter Version" type="text">Nov  5 2002 11:41:55</Exporter_Version>
      <VMeshPart>
         <VMeshRef type="VMeshRef">
            <!-- header size  --> 60,
            <!-- vmesh lib    --> data.characters.props.prop_gun_laser_1.lod0-112.vms,
            <!-- start vert   --> 0,
            <!-- num verts    --> 347,
            <!-- start index  --> 0,
            <!-- num indices  --> 819,
            <!-- start mesh   --> 0,
            <!-- num meshes   --> 1,
            <!-- bounding box -->    0.022600621,  0.14493464,    0.077888526,
                                    -0.022600615, -0.14493465,   -0.077888504,
            <!-- center       --> -203.9239e-6,   -0.0011549218, 79.215039e-6,
            <!-- radius       --> 0.1635
         </VMeshRef>
      </VMeshPart>
      <Hardpoints>
         <Fixed>
            <HpRest_prop_gun_laser_1>
               <Position type="Vector">0.01811952, -0.0012700148, 0.038494881</Position>
               <Orientation type="Matrix">
                    0.1391735400, -51.818592e-09,  -0.9902679900,
                  -346.59743e-09,   1.0000000000, -101.03909e-09,
                    0.9902679900,  357.28632e-09,   0.1391735400
               </Orientation>
            </HpRest_prop_gun_laser_1>
            <gun_laser1_muzzleflash>
               <Position type="Vector">59.434406e-6, -0.14457208, 0.052330539</Position>
               <Orientation type="Matrix">
                   -1.0000000000, -29.801919e-09, -69.852248e-09,
                  -29.801908e-09,   1.0000000000, -141.76699e-09,
                   69.852256e-09, -141.76699e-09,  -1.0000000000
               </Orientation>
            </gun_laser1_muzzleflash>
            <HpLeftConnect_GUN>
               <Position type="Vector">0.0034700346, 0.13829808, -0.036107115</Position>
               <Orientation type="Matrix">
                   -0.9965433500,   0.0826485750,   0.0084022144,
                    0.0817241890,   0.9934793700,  -0.0794978290,
                   -0.0149178090,  -0.0785363690,  -0.9967996500
               </Orientation>
            </HpLeftConnect_GUN>
            <HpRightConnect_GUN>
               <Position type="Vector">-0.013500212, 0.13317373, -0.024602944</Position>
               <Orientation type="Matrix">
                   -0.9981526700,  -0.0557566810,   0.0241331530,
                   -0.0574318770,   0.9954962700,  -0.0754237770,
                   -0.0198190850,  -0.0766704600,  -0.9968594900
               </Orientation>
            </HpRightConnect_GUN>
         </Fixed>
      </Hardpoints>
      <Material_library name="Material library">
         <Material_count name="Material count" type="int">1</Material_count>
         <Gun_Texture_2 name="Gun Texture 2">
            <Type type="text">DcDt</Type>
            <Dt_name type="text">Gun Texture 2.tga</Dt_name>
            <Dt_flags type="int">0x40</Dt_flags>
         </Gun_Texture_2>
      </Material_library>
      <Texture_library name="Texture library">
         <Gun_Texture_2.tga name="Gun Texture 2.tga">
            <MIPS type="file" filename="prop_gun_laser_1_3db\Gun Texture 2.dds"/>
         </Gun_Texture_2.tga>
      </Texture_library>
   </UTF_ROOT>
</UTFXML>
