<?xml version="1.0" encoding="ISO-8859-1"?>
<!-- XML generated by UTFXML Version 2.2 built 19-Aug-2010 -->
<UTFXML filename="prop_gun_stun.3db" path="CHARACTERS\PROPS" unk3="0x30303030">
   <UTF_ROOT>
      <VMeshLibrary>
         <data.characters.props.prop_gun_stun.lod0-112.vms include="prop_gun_stun_3db\lod0-112.vms.xml"/>
      </VMeshLibrary>
      <Exporter_Version name="Exporter Version" type="text">Jan  3 2002 13:24:48</Exporter_Version>
      <VMeshPart>
         <VMeshRef type="VMeshRef">
            <!-- header size  --> 60,
            <!-- vmesh lib    --> data.characters.props.prop_gun_stun.lod0-112.vms,
            <!-- start vert   --> 0,
            <!-- num verts    --> 288,
            <!-- start index  --> 0,
            <!-- num indices  --> 633,
            <!-- start mesh   --> 0,
            <!-- num meshes   --> 1,
            <!-- bounding box -->    0.044779368,  0.1102671,     0.13857867,
                                    -0.044779405, -0.1102671,    -0.13857867,
            <!-- center       --> -824.40954e-6,   0.0055521335, -0.0072730607,
            <!-- radius       --> 0.16315107
         </VMeshRef>
      </VMeshPart>
      <Hardpoints>
         <Fixed>
            <gun_laser1_muzzleflash>
               <Position type="Vector">-59.419646e-6, 0.082162872, -0.14037316</Position>
               <Orientation type="Matrix">
                   184.49776e-09,   1.0000000000, -228.47034e-09,
                   69.274826e-09, -228.47036e-09,  -1.0000000000,
                   -1.0000000000,  184.49775e-09, -69.274869e-09
               </Orientation>
            </gun_laser1_muzzleflash>
            <HpLeftConnect>
               <Position type="Vector">-0.0034700523, -0.036517974, 0.040667292</Position>
               <Orientation type="Matrix">
                    0.9965433500,  -0.0826487090,  -0.0084022218,
                   -0.0149178400,  -0.0785365180,  -0.9967995900,
                    0.0817243230,   0.9934793700,  -0.0794979780
               </Orientation>
            </HpLeftConnect>
            <HpRest_prop_gun_laser_1>
               <Position type="Vector">-0.026888892, 0.038084038, 0.0094901733</Position>
               <Orientation type="Matrix">
                   -0.1391736000, -86.669196e-09,   0.9902679900,
                    0.9902679900,  183.01751e-09,   0.1391736000,
                  -193.29845e-09,   1.0000000000,  60.354530e-09
               </Orientation>
            </HpRest_prop_gun_laser_1>
            <HpRightConnect>
               <Position type="Vector">0.013500195, -0.025013801, 0.035542946</Position>
               <Orientation type="Matrix">
                    0.9981526700,   0.0557565090,  -0.0241331830,
                   -0.0198191240,  -0.0766705200,  -0.9968594900,
                   -0.0574317090,   0.9954962700,  -0.0754238440
               </Orientation>
            </HpRightConnect>
         </Fixed>
      </Hardpoints>
      <Material_library name="Material library">
         <Material_count name="Material count" type="int">1</Material_count>
         <StunGun>
            <Type type="text">DcDt</Type>
            <Dc type="RGB">0.89803928, 0.89803928, 0.89803928</Dc>
            <Dt_name type="text">StunGun.tga</Dt_name>
            <Dt_flags type="int">0x40</Dt_flags>
         </StunGun>
      </Material_library>
      <Texture_library name="Texture library">
         <StunGun.tga>
            <MIPS type="file" filename="prop_gun_stun_3db\StunGun.dds"/>
         </StunGun.tga>
      </Texture_library>
   </UTF_ROOT>
</UTFXML>
