<?xml version="1.0" encoding="ISO-8859-1"?>
<!-- XML generated by UTFXML Version 2.2 built 19-Aug-2010 -->
<UTFXML filename="prop_baton_stun.3db" path="CHARACTERS\PROPS" unk3="0x30303030">
   <UTF_ROOT>
      <VMeshLibrary>
         <data.characters.props.prop_baton_stun.lod0-112.vms include="prop_baton_stun_3db\lod0-112.vms.xml"/>
      </VMeshLibrary>
      <Exporter_Version name="Exporter Version" type="text">Mar 27 2002 10:56:07</Exporter_Version>
      <VMeshPart>
         <VMeshRef type="VMeshRef">
            <!-- header size  --> 60,
            <!-- vmesh lib    --> data.characters.props.prop_baton_stun.lod0-112.vms,
            <!-- start vert   --> 0,
            <!-- num verts    --> 117,
            <!-- start index  --> 0,
            <!-- num indices  --> 363,
            <!-- start mesh   --> 0,
            <!-- num meshes   --> 1,
            <!-- bounding box -->    0.031872775,  0.018544862,  0.16436444,
                                    -0.032216094, -0.018544706, -0.3410179,
            <!-- center       --> -111.90956e-6,  28.419659e-6, -0.08747685,
            <!-- radius       --> 0.25354692
         </VMeshRef>
      </VMeshPart>
      <VMeshWire include="prop_baton_stun_3db\prop_baton_stun.vwd.xml"/>
      <Hardpoints>
         <Fixed>
            <HpRightConnect>
               <Position type="Vector">0.009360332, -0.017852992, -0.25524268</Position>
               <Orientation type="Matrix">
                    0.9871835100,  -0.1500191800,  -0.0544325560,
                   -0.1328020100,  -0.9613698100,   0.2411050900,
                   -0.0885002090,  -0.2307862200,  -0.9689713100
               </Orientation>
            </HpRightConnect>
            <HpLeftConnect>
               <Position type="Vector">113.88821e-6, -0.01757906, -0.25339526</Position>
               <Orientation type="Matrix">
                    0.9897595000,  -0.1256626400,   0.0677129780,
                   -0.1381534000,  -0.9626330700,   0.2329188100,
                    0.0359135570,  -0.2398883700,  -0.9701359900
               </Orientation>
            </HpLeftConnect>
            <Hp_BATON_EFFECT name="Hp_BATON EFFECT">
               <Position type="Vector">403.73357e-6, 173.6204e-6, 0.14063174</Position>
               <Orientation type="Matrix">
                    0.9997702800,   0.0197170840,  -0.0084042586,
                    0.0199508560,  -0.9993888100,   0.0287043270,
                   -0.0078331567,  -0.0288654040,  -0.9995526100
               </Orientation>
            </Hp_BATON_EFFECT>
         </Fixed>
      </Hardpoints>
      <Material_library name="Material library">
         <Material_count name="Material count" type="int">1</Material_count>
         <baton>
            <Type type="text">DcDt</Type>
            <Dt_name type="text">prop_baton.tga</Dt_name>
            <Dt_flags type="int">0x40</Dt_flags>
         </baton>
      </Material_library>
      <Texture_library name="Texture library">
         <prop_baton.tga>
            <MIPS type="file" filename="prop_baton_stun_3db\prop_baton.dds"/>
         </prop_baton.tga>
      </Texture_library>
   </UTF_ROOT>
</UTFXML>
