<?xml version="1.0" encoding="ISO-8859-1"?>
<!-- XML generated by UTFXML Version 2.2 built 19-Aug-2010 -->
<UTFXML filename="prop_gun_laser_2.3db" path="CHARACTERS\PROPS" unk3="0x30303030">
   <UTF_ROOT>
      <VMeshLibrary>
         <data.characters.props.prop_gun_laser_2.lod0-112.vms include="prop_gun_laser_2_3db\lod0-112.vms.xml"/>
      </VMeshLibrary>
      <Exporter_Version name="Exporter Version" type="text">Nov  5 2002 11:41:55</Exporter_Version>
      <VMeshPart>
         <VMeshRef type="VMeshRef">
            <!-- header size  --> 60,
            <!-- vmesh lib    --> data.characters.props.prop_gun_laser_2.lod0-112.vms,
            <!-- start vert   --> 0,
            <!-- num verts    --> 187,
            <!-- start index  --> 0,
            <!-- num indices  --> 456,
            <!-- start mesh   --> 0,
            <!-- num meshes   --> 2,
            <!-- bounding box -->   0.018111374,  0.14182237,    0.073496811,
                                   -0.018111385, -0.14182234,   -0.073496848,
            <!-- center       --> 375.29386e-6,  -0.0037037632,  0.0015826205,
            <!-- radius       --> 0.15596278
         </VMeshRef>
      </VMeshPart>
      <Hardpoints>
         <Fixed>
            <gun_laser1_muzzleflash>
               <Position type="Vector">743.35933e-6, -0.14230849, 0.061628819</Position>
               <Orientation type="Matrix">
                   -1.0000000000,  76.524721e-09, -21.468498e-09,
                   76.524728e-09,   1.0000000000, -228.24378e-09,
                   21.468480e-09, -228.24378e-09,  -1.0000000000
               </Orientation>
            </gun_laser1_muzzleflash>
            <HpLeftConnect_GUN>
               <Position type="Vector">0.0041539669, 0.14056167, -0.026808858</Position>
               <Orientation type="Matrix">
                   -0.9965433500,   0.0826485980,   0.0084022107,
                    0.0817242120,   0.9934793700,  -0.0794978890,
                   -0.0149178120,  -0.0785364290,  -0.9967996500
               </Orientation>
            </HpLeftConnect_GUN>
            <HpRest_prop_gun_laser_1>
               <Position type="Vector">0.018803447, 993.57963e-6, 0.04779315</Position>
               <Orientation type="Matrix">
                    0.1391735800, -37.095667e-09,  -0.9902679900,
                  -259.73424e-09,   1.0000000000, -73.963626e-09,
                    0.9902679900,  267.50027e-09,   0.1391735800
               </Orientation>
            </HpRest_prop_gun_laser_1>
            <HpRightConnect_GUN>
               <Position type="Vector">-0.01281628, 0.13543732, -0.015304685</Position>
               <Orientation type="Matrix">
                   -0.9981526700,  -0.0557566620,   0.0241331980,
                   -0.0574318620,   0.9954962700,  -0.0754238670,
                   -0.0198191260,  -0.0766705500,  -0.9968594900
               </Orientation>
            </HpRightConnect_GUN>
         </Fixed>
      </Hardpoints>
      <Material_library name="Material library">
         <Material_count name="Material count" type="int">2</Material_count>
         <Gun_3_1 name="Gun_3 1">
            <Type type="text">DcDt</Type>
            <Dt_name type="text">prop_gun2_02.tga</Dt_name>
            <Dt_flags type="int">0x40</Dt_flags>
         </Gun_3_1>
         <Gun_3_2 name="Gun_3 2">
            <Type type="text">DcDt</Type>
            <Dt_name type="text">prop_gun2_01.tga</Dt_name>
            <Dt_flags type="int">0x40</Dt_flags>
         </Gun_3_2>
      </Material_library>
      <Texture_library name="Texture library">
         <prop_gun2_01.tga>
            <MIPS type="file" filename="prop_gun_laser_2_3db\prop_gun2_01.dds"/>
         </prop_gun2_01.tga>
         <prop_gun2_02.tga>
            <MIPS type="file" filename="prop_gun_laser_2_3db\prop_gun2_02.dds"/>
         </prop_gun2_02.tga>
      </Texture_library>
   </UTF_ROOT>
</UTFXML>
