<?xml version="1.0" encoding="ISO-8859-1"?>
<!-- XML generated by UTFXML Version 2.2 built 19-Aug-2010 -->
<UTFXML filename="gas_miner_a_lod.3db" path="SOLAR\DOCKABLE">
   <UTF_ROOT>
      <VMeshLibrary>
         <data.solar.dockable.gas_miner_a_lod.lod0-112.vms include="gas_miner_a_lod_3db\lod.lod0-112.vms.xml"/>
         <data.solar.dockable.gas_miner_a_lod.lod1-112.vms include="gas_miner_a_lod_3db\lod.lod1-112.vms.xml"/>
         <data.solar.dockable.gas_miner_a_lod.lod2-112.vms include="gas_miner_a_lod_3db\lod.lod2-112.vms.xml"/>
      </VMeshLibrary>
      <Exporter_Version name="Exporter Version" type="text">Aug 24 2002 12:33:14</Exporter_Version>
      <Hardpoints>
         <Fixed>
            <HpDockMountC>
               <Orientation type="Matrix">
                   118.26381e-09,  -0.5000001200,  -0.8660253300,
                  -147.84949e-09,   0.8660253300,  -0.5000001200,
                    1.0000000000,  187.17333e-09,  28.494691e-09
               </Orientation>
               <Position type="Vector">-115.55952, -100.12707, 178.59998</Position>
            </HpDockMountC>
            <HpDockMountD>
               <Orientation type="Matrix">
                  -267.84522e-09,   0.5000001200,   0.8660253300,
                  -138.80621e-09,   0.8660253300,  -0.5000001200,
                   -1.0000000000, -254.13235e-09, -162.55763e-09
               </Orientation>
               <Position type="Vector">116.13844, -100.12705, 178.59996</Position>
            </HpDockMountD>
            <HpDockMountE>
               <Orientation type="Matrix">
                  -285.48510e-09,   0.9455187300,   0.3255677200,
                  -14.358914e-09,   0.3255677200,  -0.9455187300,
                   -1.0000000000, -274.60632e-09, -79.368107e-09
               </Orientation>
               <Position type="Vector">45.956703, -158.9371, 178.59998</Position>
            </HpDockMountE>
            <HpDockMountF>
               <Orientation type="Matrix">
                   352.31511e-09,  -0.9396925600,  -0.3420203900,
                   175.73547e-09,   0.3420203900,  -0.9396925600,
                    1.0000000000,  270.96277e-09,  285.63625e-09
               </Orientation>
               <Position type="Vector">-45.595753, -159.22681, 178.59998</Position>
            </HpDockMountF>
            <HpDockMountG>
               <Orientation type="Matrix">
                   -1.0000000000, -122.03829e-09, -125.68583e-09,
                  -122.03829e-09,   1.0000000000, -7.6498337e-09,
                   125.68583e-09, -7.6498186e-09,  -1.0000000000
               </Orientation>
               <Position type="Vector">26.168922, 142.65057, -225.10854</Position>
            </HpDockMountG>
            <HpDockPointC01>
               <Orientation type="Matrix">
                   118.26381e-09,  -0.5000001200,  -0.8660253300,
                  -147.84949e-09,   0.8660253300,  -0.5000001200,
                    1.0000000000,  187.17333e-09,  28.494691e-09
               </Orientation>
               <Position type="Vector">-287.34955, -199.31013, 178.59999</Position>
            </HpDockPointC01>
            <HpDockPointC02>
               <Orientation type="Matrix">
                   118.26381e-09,  -0.5000001200,  -0.8660253300,
                  -147.84949e-09,   0.8660253300,  -0.5000001200,
                    1.0000000000,  187.17333e-09,  28.494691e-09
               </Orientation>
               <Position type="Vector">-365.07794, -244.18666, 178.60001</Position>
            </HpDockPointC02>
            <HpDockPointD01>
               <Orientation type="Matrix">
                  -267.84522e-09,   0.5000001200,   0.8660253300,
                  -138.80621e-09,   0.8660253300,  -0.5000001200,
                   -1.0000000000, -254.13235e-09, -162.55763e-09
               </Orientation>
               <Position type="Vector">288.13892, -199.43161, 178.59991</Position>
            </HpDockPointD01>
            <HpDockPointD02>
               <Orientation type="Matrix">
                  -267.84522e-09,   0.5000001200,   0.8660253300,
                  -138.80621e-09,   0.8660253300,  -0.5000001200,
                   -1.0000000000, -254.13235e-09, -162.55763e-09
               </Orientation>
               <Position type="Vector">366.33817, -244.57999, 178.5999</Position>
            </HpDockPointD02>
            <HpDockPointE01>
               <Orientation type="Matrix">
                  -285.48510e-09,   0.9455187300,   0.3255677200,
                  -14.358914e-09,   0.3255677200,  -0.9455187300,
                   -1.0000000000, -274.60632e-09, -79.368107e-09
               </Orientation>
               <Position type="Vector">110.22604, -345.58893, 178.59995</Position>
            </HpDockPointE01>
            <HpDockPointE02>
               <Orientation type="Matrix">
                  -285.48510e-09,   0.9455187300,   0.3255677200,
                  -14.358914e-09,   0.3255677200,  -0.9455187300,
                   -1.0000000000, -274.60632e-09, -79.368107e-09
               </Orientation>
               <Position type="Vector">139.84888, -431.62, 178.59996</Position>
            </HpDockPointE02>
            <HpDockPointF01>
               <Orientation type="Matrix">
                   352.31511e-09,  -0.9396925600,  -0.3420203900,
                   175.73547e-09,   0.3420203900,  -0.9396925600,
                    1.0000000000,  270.96277e-09,  285.63625e-09
               </Orientation>
               <Position type="Vector">-112.98407, -344.37451, 178.60002</Position>
            </HpDockPointF01>
            <HpDockPointF02>
               <Orientation type="Matrix">
                   352.31511e-09,  -0.9396925600,  -0.3420203900,
                   175.73547e-09,   0.3420203900,  -0.9396925600,
                    1.0000000000,  270.96277e-09,  285.63625e-09
               </Orientation>
               <Position type="Vector">-143.82426, -429.10718, 178.60002</Position>
            </HpDockPointF02>
            <HpDockPointG01>
               <Orientation type="Matrix">
                   -1.0000000000, -122.03829e-09, -125.68583e-09,
                  -122.03829e-09,   1.0000000000, -7.6498337e-09,
                   125.68583e-09, -7.6498186e-09,  -1.0000000000
               </Orientation>
               <Position type="Vector">26.1689, 142.65059, -527.61389</Position>
            </HpDockPointG01>
            <HpDockPointG02>
               <Orientation type="Matrix">
                   -1.0000000000, -122.03829e-09, -125.68583e-09,
                  -122.03829e-09,   1.0000000000, -7.6498337e-09,
                   125.68583e-09, -7.6498186e-09,  -1.0000000000
               </Orientation>
               <Position type="Vector">26.168892, 142.65059, -629.91333</Position>
            </HpDockPointG02>
            <HpExhaust01>
               <Orientation type="Matrix">
                  -41.731404e-09,   0.1736481200,  -0.9848077900,
                   7.3583699e-09,   0.9848077900,   0.1736481200,
                    1.0000000000, -181.63118e-18, -42.375177e-09
               </Orientation>
               <Position type="Vector">-42.087334, 2.5309677, 82.122635</Position>
            </HpExhaust01>
            <HpExhaust02>
               <Orientation type="Matrix">
                  -41.731404e-09,   0.1736481200,  -0.9848077900,
                   7.3583699e-09,   0.9848077900,   0.1736481200,
                    1.0000000000, -181.63118e-18, -42.375177e-09
               </Orientation>
               <Position type="Vector">-42.087334, 2.5309677, -82.782883</Position>
            </HpExhaust02>
            <HpExhaust03>
               <Orientation type="Matrix">
                   25.222276e-09,   0.1736479100,   0.9848077900,
                   4.4473607e-09,  -0.9848077900,   0.1736479100,
                    1.0000000000, -29.977767e-18, -25.611369e-09
               </Orientation>
               <Position type="Vector">42.168064, 2.5309753, -82.782883</Position>
            </HpExhaust03>
            <HpExhaust04>
               <Orientation type="Matrix">
                   25.222276e-09,   0.1736479100,   0.9848077900,
                   4.4473607e-09,  -0.9848077900,   0.1736479100,
                    1.0000000000, -29.977767e-18, -25.611369e-09
               </Orientation>
               <Position type="Vector">42.168064, 2.5309753, 82.122635</Position>
            </HpExhaust04>
            <HpIntake01>
               <Orientation type="Matrix">
                  -41.670496e-09,   0.1736481000,  -0.9848077900,
                   9.3918571e-09,   0.9848077900,   0.1736481000,
                    1.0000000000, -2.0131714e-09, -42.668304e-09
               </Orientation>
               <Position type="Vector">-84.258575, 8.2984562, 41.307014</Position>
            </HpIntake01>
            <HpIntake02>
               <Orientation type="Matrix">
                  -40.943316e-09,   0.1736480900,  -0.9848077900,
                   10.804052e-09,   0.9848077900,   0.1736480900,
                    1.0000000000, -3.5301857e-09, -42.197399e-09
               </Orientation>
               <Position type="Vector">-84.258575, 8.2984562, -41.487728</Position>
            </HpIntake02>
            <HpIntake03>
               <Orientation type="Matrix">
                   31.870705e-09,   0.1736478700,   0.9848077900,
                   1.7786549e-09,  -0.9848077900,   0.1736478700,
                    1.0000000000, -3.7826466e-09, -31.695375e-09
               </Orientation>
               <Position type="Vector">84.492737, 8.4496746, -41.865208</Position>
            </HpIntake03>
            <HpIntake04>
               <Orientation type="Matrix">
                   31.870705e-09,   0.1736478700,   0.9848077900,
                   1.7786549e-09,  -0.9848077900,   0.1736478700,
                    1.0000000000, -3.7826466e-09, -31.695375e-09
               </Orientation>
               <Position type="Vector">84.492737, 8.4496746, 40.953285</Position>
            </HpIntake04>
            <HpLight01>
               <Orientation type="Matrix">
                    1.0000000000,  65.567086e-09, -37.855170e-09,
                   65.567086e-09,  -0.5000000000,   0.8660253900,
                   37.855173e-09,  -0.8660253900,  -0.5000000000
               </Orientation>
               <Position type="Vector">0.049911499, 78.122772, 125.23913</Position>
            </HpLight01>
            <HpRunningLight01>
               <Orientation type="Matrix">
                   179.55087e-09, -181.90842e-09,   1.0000000000,
                   168.15942e-09,   1.0000000000,  181.90839e-09,
                   -1.0000000000,  168.15939e-09,  179.55090e-09
               </Orientation>
               <Position type="Vector">31.808285, 348.55887, -166.72629</Position>
            </HpRunningLight01>
            <HpRunningLight02>
               <Orientation type="Matrix">
                   137.65573e-09,  184.20340e-09,  -1.0000000000,
                   210.62351e-09,   1.0000000000,  184.20343e-09,
                    1.0000000000, -210.62354e-09,  137.65569e-09
               </Orientation>
               <Position type="Vector">34.422787, 348.55887, -166.72626</Position>
            </HpRunningLight02>
            <HpRunningLight03>
               <Orientation type="Matrix">
                   173.80459e-09,   0.9335804600,  -0.3583678000,
                  -33.779987e-09,   0.3583678000,   0.9335804600,
                    1.0000000000, -150.15492e-09,  93.822301e-09
               </Orientation>
               <Position type="Vector">52.644249, -137.31859, 178.87898</Position>
            </HpRunningLight03>
            <HpRunningLight04>
               <Orientation type="Matrix">
                  -150.84595e-09,  -0.9335804000,   0.3583681000,
                  -145.73345e-09,   0.3583681000,   0.9335804000,
                   -1.0000000000,  88.600601e-09, -190.11226e-09
               </Orientation>
               <Position type="Vector">-52.640682, -137.35727, 178.87901</Position>
            </HpRunningLight04>
            <HpRunningLight05>
               <Orientation type="Matrix">
                   130.49539e-09,  154.83569e-09,  -1.0000000000,
                   177.90316e-09,   1.0000000000,  154.83572e-09,
                    1.0000000000, -177.90317e-09,  130.49537e-09
               </Orientation>
               <Position type="Vector">60.321064, 184.74359, -167.02071</Position>
            </HpRunningLight05>
            <HpRunningLight06>
               <Orientation type="Matrix">
                   90.473208e-09, -30.929336e-09,   1.0000000000,
                   105.07191e-09,   1.0000000000,  30.929325e-09,
                   -1.0000000000,  105.07191e-09,  90.473208e-09
               </Orientation>
               <Position type="Vector">5.7911453, 184.74359, -167.02071</Position>
            </HpRunningLight06>
            <HpRunningLight07>
               <Orientation type="Matrix">
                    1.0000000000,  22.390996e-09, -105.49587e-09,
                  -105.49588e-09,  194.77018e-09,  -1.0000000000,
                  -22.390974e-09,   1.0000000000,  194.77018e-09
               </Orientation>
               <Position type="Vector">-457.76367e-6, 90.097374, -83.442322</Position>
            </HpRunningLight07>
            <HpRunningLight08>
               <Orientation type="Matrix">
                    1.0000000000,  96.153094e-09, -17.474223e-09,
                  -17.474274e-09,  534.46263e-09,  -1.0000000000,
                  -96.153087e-09,   1.0000000000,  534.46263e-09
               </Orientation>
               <Position type="Vector">-480.65186e-6, 90.097359, 81.761337</Position>
            </HpRunningLight08>
            <HpRunningLight09>
               <Orientation type="Matrix">
                    1.0000000000,  74.302392e-09, -537.40331e-09,
                   537.40331e-09, -147.91866e-09,   1.0000000000,
                   74.302314e-09,  -1.0000000000, -147.91870e-09
               </Orientation>
               <Position type="Vector">-0.052425385, -90.376648, 82.061035</Position>
            </HpRunningLight09>
            <HpRunningLight10>
               <Orientation type="Matrix">
                   219.24701e-09,   0.0958460050,  -0.9953962000,
                   82.300723e-09,   0.9953962000,   0.0958460050,
                    1.0000000000, -102.93578e-09,  210.34944e-09
               </Orientation>
               <Position type="Vector">41.002399, -48.311584, -0.60407305</Position>
            </HpRunningLight10>
            <HpRunningLight11>
               <Orientation type="Matrix">
                  -144.56803e-09,  -0.0958457660,   0.9953962000,
                  -121.06869e-09,   0.9953962000,   0.0958457660,
                   -1.0000000000, -106.65509e-09, -155.50640e-09
               </Orientation>
               <Position type="Vector">-40.998829, -48.35025, -0.6040349</Position>
            </HpRunningLight11>
            <HpRunningLight12>
               <Orientation type="Matrix">
                   94.706479e-09,  -0.3173045500,  -0.9483236700,
                   130.03377e-09,   0.9483236700,  -0.3173045500,
                    1.0000000000, -93.263303e-09,  131.07270e-09
               </Orientation>
               <Position type="Vector">30.553104, 49.429543, 0.7479248</Position>
            </HpRunningLight12>
            <HpRunningLight13>
               <Orientation type="Matrix">
                   86.651788e-09,   0.3173044600,   0.9483237300,
                  -49.611959e-09,   0.9483237300,  -0.3173044600,
                   -1.0000000000, -19.553198e-09,  97.916043e-09
               </Orientation>
               <Position type="Vector">-30.549541, 49.390869, 0.74796295</Position>
            </HpRunningLight13>
            <HpRunningLight14>
               <Orientation type="Matrix">
                   191.42909e-09,  205.48140e-09,  -1.0000000000,
                   150.24041e-09,   1.0000000000,  205.48143e-09,
                    1.0000000000, -150.24045e-09,  191.42907e-09
               </Orientation>
               <Position type="Vector">110.41528, -34.161831, 189.85034</Position>
            </HpRunningLight14>
            <HpRunningLight15>
               <Orientation type="Matrix">
                   96.517240e-09, -107.33874e-09,   1.0000000000,
                  -58.848148e-09,   1.0000000000,  107.33875e-09,
                   -1.0000000000, -58.848158e-09,  96.517233e-09
               </Orientation>
               <Position type="Vector">-110.41171, -34.200497, 189.85037</Position>
            </HpRunningLight15>
            <HpRunningLight16>
               <Orientation type="Matrix">
                    1.0000000000,  74.302392e-09, -537.40331e-09,
                   537.40331e-09, -147.91866e-09,   1.0000000000,
                   74.302314e-09,  -1.0000000000, -147.91870e-09
               </Orientation>
               <Position type="Vector">-0.052425385, -90.376648, -83.234772</Position>
            </HpRunningLight16>
            <HpRunningLight17>
               <Orientation type="Matrix">
                    1.0000000000, -14.031988e-09,  48.340706e-09,
                   14.031980e-09,   1.0000000000,  160.90239e-09,
                  -48.340709e-09, -160.90239e-09,   1.0000000000
               </Orientation>
               <Position type="Vector">21.270809, -50.514717, -213.91748</Position>
            </HpRunningLight17>
            <HpRunningLight18>
               <Orientation type="Matrix">
                    1.0000000000,  51.371526e-09,  70.439825e-09,
                  -51.371543e-09,   1.0000000000,  237.61071e-09,
                  -70.439810e-09, -237.61071e-09,   1.0000000000
               </Orientation>
               <Position type="Vector">-22.002476, -50.514725, -213.91748</Position>
            </HpRunningLight18>
            <HpRunningLight19>
               <Orientation type="Matrix">
                   -1.0000000000, -42.829036e-09, -31.771755e-09,
                  -42.829033e-09,   1.0000000000, -107.01041e-09,
                   31.771759e-09, -107.01041e-09,  -1.0000000000
               </Orientation>
               <Position type="Vector">-22.002478, -50.514732, 208.30853</Position>
            </HpRunningLight19>
            <HpRunningLight20>
               <Orientation type="Matrix">
                   -1.0000000000, -58.605394e-09, -157.16915e-09,
                  -58.605362e-09,   1.0000000000, -199.82200e-09,
                   157.16917e-09, -199.82198e-09,  -1.0000000000
               </Orientation>
               <Position type="Vector">21.270807, -50.514732, 208.30852</Position>
            </HpRunningLight20>
            <HpRunningLight21>
               <Orientation type="Matrix">
                   -1.0000000000, -32.087002e-09, -45.308511e-09,
                  -32.086998e-09,   1.0000000000, -100.19311e-09,
                   45.308514e-09, -100.19311e-09,  -1.0000000000
               </Orientation>
               <Position type="Vector">28.157551, -1.4404831, 124.93307</Position>
            </HpRunningLight21>
            <HpRunningLight22>
               <Orientation type="Matrix">
                   -1.0000000000, -32.087002e-09, -45.308511e-09,
                  -32.086998e-09,   1.0000000000, -100.19311e-09,
                   45.308514e-09, -100.19311e-09,  -1.0000000000
               </Orientation>
               <Position type="Vector">-28.24296, -1.440485, 124.93307</Position>
            </HpRunningLight22>
         </Fixed>
         <Revolute>
            <HpDish01>
               <Axis type="Vector">0, 1, 0</Axis>
               <Max type="float">1.5707799</Max>
               <Min type="float">-1.5707999</Min>
               <Orientation type="Matrix">
                   -1.0000000000, -127.29836e-09,  135.50458e-09,
                  -127.29834e-09,   1.0000000000,  170.77954e-09,
                  -135.50461e-09,  170.77953e-09,  -1.0000000000
               </Orientation>
               <Position type="Vector">0.043064117, 88.810616, -0.42944574</Position>
            </HpDish01>
            <HpTurret_S1_01>
               <Axis type="Vector">0, 1, 0</Axis>
               <Max type="float">2.35618</Max>
               <Min type="float">-1.5707999</Min>
               <Orientation type="Matrix">
                   127.17973e-09, -155.89254e-09,   1.0000000000,
                   122.52151e-09,   1.0000000000,  155.89252e-09,
                   -1.0000000000,  122.52150e-09,  127.17975e-09
               </Orientation>
               <Position type="Vector">-76.303932, -27.789007, 172.60793</Position>
            </HpTurret_S1_01>
            <HpTurret_S1_02>
               <Axis type="Vector">0, 1, 0</Axis>
               <Max type="float">1.5707799</Max>
               <Min type="float">-2.3562</Min>
               <Orientation type="Matrix">
                   178.35386e-09,  115.38407e-09,  -1.0000000000,
                  -116.09583e-09,   1.0000000000,  115.38405e-09,
                    1.0000000000,  116.09581e-09,  178.35387e-09
               </Orientation>
               <Position type="Vector">76.008774, -27.78899, 172.60794</Position>
            </HpTurret_S1_02>
            <HpTurret_S1_03>
               <Axis type="Vector">0, 1, 0</Axis>
               <Max type="float">1.5707799</Max>
               <Min type="float">-1.5707999</Min>
               <Orientation type="Matrix">
                    1.0000000000, -110.36584e-09, -124.56670e-09,
                   110.36582e-09,   1.0000000000, -171.42736e-09,
                   124.56671e-09,  171.42735e-09,   1.0000000000
               </Orientation>
               <Position type="Vector">26.020775, 15.562578, -208.37767</Position>
            </HpTurret_S1_03>
            <HpTurret_S1_04>
               <Axis type="Vector">0, 1, 0</Axis>
               <Max type="float">2.0943799</Max>
               <Min type="float">-2.0943999</Min>
               <Orientation type="Matrix">
                   -1.0000000000,  197.98252e-09,  49.937828e-09,
                  -175.30616e-09,  -0.7071067100,  -0.7071068300,
                  -104.68342e-09,  -0.7071068300,   0.7071067100
               </Orientation>
               <Position type="Vector">26.020775, 8.543375, -212.38414</Position>
            </HpTurret_S1_04>
            <HpTurret_S1_05>
               <Axis type="Vector">0, 1, 0</Axis>
               <Max type="float">2.35618</Max>
               <Min type="float">-2.3562</Min>
               <Orientation type="Matrix">
                    1.0000000000, -17.916930e-09,  172.85763e-09,
                   172.85763e-09,  12.703928e-09,  -1.0000000000,
                   17.916928e-09,   1.0000000000,  12.703930e-09
               </Orientation>
               <Position type="Vector">0.0430783, 102.25824, -137.4543</Position>
            </HpTurret_S1_05>
            <HpTurret_S1_06>
               <Axis type="Vector">0, 1, 0</Axis>
               <Max type="float">6.2831855</Max>
               <Min type="float">-6.2831855</Min>
               <Orientation type="Matrix">
                   -1.0000000000,  8.7171994e-09, -13.879412e-09,
                  -8.7171959e-09,  -1.0000000000, -229.03241e-09,
                  -13.879414e-09, -229.03241e-09,   1.0000000000
               </Orientation>
               <Position type="Vector">0.043076105, -149.53156, 178.7728</Position>
            </HpTurret_S1_06>
            <HpTurret_S1_07>
               <Axis type="Vector">0, 1, 0</Axis>
               <Max type="float">1.5707799</Max>
               <Min type="float">-1.5707999</Min>
               <Orientation type="Matrix">
                   -1.0000000000, -91.317411e-09,  36.914944e-09,
                  -64.605359e-09,   0.8910064100,   0.4539907000,
                  -74.348705e-09,   0.4539907000,  -0.8910064100
               </Orientation>
               <Position type="Vector">0.044307154, -22.968983, 200.22758</Position>
            </HpTurret_S1_07>
            <HpTurret_S1_08>
               <Axis type="Vector">0, 1, 0</Axis>
               <Max type="float">1.91986</Max>
               <Min type="float">-1.9198699</Min>
               <Orientation type="Matrix">
                    0.9256643700,  -0.2191855000,   0.3083880500,
                   -0.3720789800,  -0.3796406400,   0.8470125200,
                   -0.0685762240,  -0.8987940500,  -0.4329741000
               </Orientation>
               <Position type="Vector">-18.967743, -86.425919, 139.44672</Position>
            </HpTurret_S1_08>
            <HpTurret_S1_09>
               <Axis type="Vector">0, 1, 0</Axis>
               <Max type="float">1.91986</Max>
               <Min type="float">-1.9198699</Min>
               <Orientation type="Matrix">
                    0.9302410500,   0.1655300900,  -0.3274926500,
                    0.3669405600,  -0.4135327300,   0.8332738300,
                    0.0025029776,  -0.8953158900,  -0.4454248000
               </Orientation>
               <Position type="Vector">18.025064, -86.763756, 139.14055</Position>
            </HpTurret_S1_09>
         </Revolute>
      </Hardpoints>
      <VMeshWire include="gas_miner_a_lod_3db\gas_miner_a_lod.vwd.xml"/>
      <MultiLevel>
         <Level0>
            <VMeshPart>
               <VMeshRef type="VMeshRef">
                  <!-- header size  --> 60,
                  <!-- vmesh lib    --> data.solar.dockable.gas_miner_a_lod.lod0-112.vms,
                  <!-- start vert   --> 0,
                  <!-- num verts    --> 7516,
                  <!-- start index  --> 0,
                  <!-- num indices  --> 11268,
                  <!-- start mesh   --> 0,
                  <!-- num meshes   --> 17,
                  <!-- bounding box -->  112.93788,    347.15692,   206.94852,
                                        -112.77747,   -154.80766,  -219.52481,
                  <!-- center       -->    5.3006935,   93.474602,    3.4118001,
                  <!-- radius       --> 310.19775
               </VMeshRef>
            </VMeshPart>
         </Level0>
         <Level1>
            <VMeshPart>
               <VMeshRef type="VMeshRef">
                  <!-- header size  --> 60,
                  <!-- vmesh lib    --> data.solar.dockable.gas_miner_a_lod.lod1-112.vms,
                  <!-- start vert   --> 0,
                  <!-- num verts    --> 3602,
                  <!-- start index  --> 0,
                  <!-- num indices  --> 5958,
                  <!-- start mesh   --> 0,
                  <!-- num meshes   --> 14,
                  <!-- bounding box -->  112.93788,    347.15692,   206.94852,
                                        -112.77747,   -154.80766,  -219.52481,
                  <!-- center       -->    5.3006935,   93.474602,    3.4118001,
                  <!-- radius       --> 310.19775
               </VMeshRef>
            </VMeshPart>
         </Level1>
         <Level2>
            <VMeshPart>
               <VMeshRef type="VMeshRef">
                  <!-- header size  --> 60,
                  <!-- vmesh lib    --> data.solar.dockable.gas_miner_a_lod.lod2-112.vms,
                  <!-- start vert   --> 0,
                  <!-- num verts    --> 1539,
                  <!-- start index  --> 0,
                  <!-- num indices  --> 1809,
                  <!-- start mesh   --> 0,
                  <!-- num meshes   --> 1,
                  <!-- bounding box -->  112.93788,    347.15692,   206.94852,
                                        -112.77747,   -154.80766,  -219.52481,
                  <!-- center       -->    5.3006935,   93.474602,    3.4118001,
                  <!-- radius       --> 310.19775
               </VMeshRef>
            </VMeshPart>
         </Level2>
         <Switch2 type="float array" count="4">
            0,
            100,
            1000,
            1000000
         </Switch2>
      </MultiLevel>
   </UTF_ROOT>
</UTFXML>
