<?xml version="1.0" encoding="ISO-8859-1"?>
<!-- XML generated by UTFXML Version 2.2 built 19-Aug-2010 -->
<UTFXML filename="nomad_gate.3db" path="SOLAR\DOCKABLE">
   <UTF_ROOT>
      <VMeshLibrary>
         <data.solar.dockable.nomad_gate.lod0-212.vms include="nomad_gate_3db\lod0-212.vms.xml"/>
         <data.solar.dockable.nomad_gate.lod1-212.vms include="nomad_gate_3db\lod1-212.vms.xml"/>
      </VMeshLibrary>
      <Exporter_Version name="Exporter Version" type="text">Aug 24 2002 12:33:14</Exporter_Version>
      <Hardpoints>
         <Fixed>
            <HpDockMountA>
               <Orientation type="Matrix">
                   -1.0000000000,  43.496438e-09, -3.0989272e-06,
                   43.495845e-09,   1.0000000000,  191.90986e-09,
                   3.0989272e-06,  191.90973e-09,  -1.0000000000
               </Orientation>
               <Position type="Vector">0.59849656, 13.989235, 84.919624</Position>
            </HpDockMountA>
            <HpDockPointA01>
               <Orientation type="Matrix">
                   -1.0000000000,  43.496438e-09, -3.0989272e-06,
                   43.495845e-09,   1.0000000000,  191.90986e-09,
                   3.0989272e-06,  191.90973e-09,  -1.0000000000
               </Orientation>
               <Position type="Vector">0.5974282, 13.98937, -285.15979</Position>
            </HpDockPointA01>
            <HpDockPointA02>
               <Orientation type="Matrix">
                   -1.0000000000,  43.496438e-09, -3.0989272e-06,
                   43.495845e-09,   1.0000000000,  191.90986e-09,
                   3.0989272e-06,  191.90973e-09,  -1.0000000000
               </Orientation>
               <Position type="Vector">0.5971756, 13.989339, -378.15353</Position>
            </HpDockPointA02>
            <HpFX1>
               <Orientation type="Matrix">
                    1.0000000000, -3.0552153e-06, -251.77979e-12,
                   252.18402e-12,  132.30529e-09,   1.0000000000,
                  -3.0552153e-06,  -1.0000000000,  132.30529e-09
               </Orientation>
               <Position type="Vector">1.6111145, 12.617594, 408.54951e-9</Position>
            </HpFX1>
            <HpRunningLight01>
               <Orientation type="Matrix">
                    0.7071066500,  -0.7071068900,  2.8848617e-06,
                    0.7071068900,   0.7071066500,  38.237815e-09,
                  -2.0669431e-06,  2.0128673e-06,   1.0000000000
               </Orientation>
               <Position type="Vector">-606.25586, 372.65143, -0.30054539</Position>
            </HpRunningLight01>
            <HpRunningLight02>
               <Orientation type="Matrix">
                    0.7071066500,  -0.7071068900,  2.8848617e-06,
                    0.7071068900,   0.7071066500,  38.237815e-09,
                  -2.0669431e-06,  2.0128673e-06,   1.0000000000
               </Orientation>
               <Position type="Vector">609.47845, 352.48636, -0.36666879</Position>
            </HpRunningLight02>
            <HpRunningLight03>
               <Orientation type="Matrix">
                    1.0000000000,  455.81135e-09,  2.8848617e-06,
                  -455.81146e-09,   1.0000000000,  38.237800e-09,
                  -2.8848617e-06, -38.239115e-09,   1.0000000000
               </Orientation>
               <Position type="Vector">-0.10253478, -720.38898, -0.31007853</Position>
            </HpRunningLight03>
            <HpFX2>
               <Orientation type="Matrix">
                    1.0000000000,   0.0000000000,   0.0000000000,
                    0.0000000000, -119.20929e-09,   0.9999996400,
                    0.0000000000,  -0.9999996400, -119.20929e-09
               </Orientation>
               <Position type="Vector">0, 0, 100</Position>
            </HpFX2>
            <HpFX3>
               <Orientation type="Matrix">
                    1.0000000000,   0.0000000000,   0.0000000000,
                    0.0000000000, -119.20929e-09,   0.9999996400,
                    0.0000000000,  -0.9999996400, -119.20929e-09
               </Orientation>
               <Position type="Vector">0, 0, -100</Position>
            </HpFX3>
         </Fixed>
         <Revolute>
            <HpRunningLight04>
               <Axis type="Vector">0, 1, 0</Axis>
               <Max type="float">6.2831855</Max>
               <Min type="float">-6.2831855</Min>
               <Orientation type="Matrix">
                   -1.0000000000,  2.9589748e-06,  716.22998e-09,
                   716.21980e-09, -3.4409525e-06,   1.0000000000,
                   2.9589773e-06,   1.0000000000,  3.4409504e-06
               </Orientation>
               <Position type="Vector">1.1661073, 740.06506, -0.034827136</Position>
            </HpRunningLight04>
            <HpRunningLight05>
               <Axis type="Vector">0, 1, 0</Axis>
               <Max type="float">6.2831855</Max>
               <Min type="float">-6.2831855</Min>
               <Orientation type="Matrix">
                    0.4999985700,  3.7723680e-06,   0.8660262200,
                    0.8660262200, -886.47784e-09,  -0.4999985700,
                  -1.1184655e-06,   1.0000000000, -3.7102072e-06
               </Orientation>
               <Position type="Vector">626.5332, -357.98502, -0.036739223</Position>
            </HpRunningLight05>
            <HpRunningLight06>
               <Axis type="Vector">0, 1, 0</Axis>
               <Max type="float">6.2831855</Max>
               <Min type="float">-6.2831855</Min>
               <Orientation type="Matrix">
                    0.4999981500,  894.96143e-09,  -0.8660264600,
                   -0.8660264600, -1.8283297e-06,  -0.4999981500,
                  -2.0308610e-06,   1.0000000000, -139.10120e-09
               </Orientation>
               <Position type="Vector">-625.15375, -357.57773, -0.032914359</Position>
            </HpRunningLight06>
         </Revolute>
      </Hardpoints>
      <VMeshWire include="nomad_gate_3db\nomad_gate.vwd.xml"/>
      <MultiLevel>
         <Level0>
            <VMeshPart>
               <VMeshRef type="VMeshRef">
                  <!-- header size  --> 60,
                  <!-- vmesh lib    --> data.solar.dockable.nomad_gate.lod0-212.vms,
                  <!-- start vert   --> 0,
                  <!-- num verts    --> 766,
                  <!-- start index  --> 0,
                  <!-- num indices  --> 1152,
                  <!-- start mesh   --> 0,
                  <!-- num meshes   --> 2,
                  <!-- bounding box -->  652.51501,   740.17017,   160.78613,
                                        -653.00348,  -621.4682,   -160.49564,
                  <!-- center       -->    9.328764,   26.429682,    3.2325585,
                  <!-- radius       --> 745.09082
               </VMeshRef>
            </VMeshPart>
         </Level0>
         <Level1>
            <VMeshPart>
               <VMeshRef type="VMeshRef">
                  <!-- header size  --> 60,
                  <!-- vmesh lib    --> data.solar.dockable.nomad_gate.lod1-212.vms,
                  <!-- start vert   --> 0,
                  <!-- num verts    --> 412,
                  <!-- start index  --> 0,
                  <!-- num indices  --> 540,
                  <!-- start mesh   --> 0,
                  <!-- num meshes   --> 2,
                  <!-- bounding box -->  652.51501,   740.17017,   160.78613,
                                        -653.00348,  -621.4682,   -160.49564,
                  <!-- center       -->    9.328764,   26.429682,    3.2325585,
                  <!-- radius       --> 745.09082
               </VMeshRef>
            </VMeshPart>
         </Level1>
         <Switch2 type="float array" count="3">
            0,
            100,
            1000000
         </Switch2>
      </MultiLevel>
   </UTF_ROOT>
</UTFXML>
