<?xml version="1.0" encoding="ISO-8859-1"?>
<!-- XML generated by UTFXML Version 2.2 built 19-Aug-2010 -->
<UTFXML filename="shipyard_a.3db" path="SOLAR\DOCKABLE">
   <UTF_ROOT>
      <VMeshLibrary>
         <data.solar.dockable.shipyard_a.lod0-112.vms include="shipyard_a_3db\lod0-112.vms.xml"/>
         <data.solar.dockable.shipyard_a.lod1-112.vms include="shipyard_a_3db\lod1-112.vms.xml"/>
         <data.solar.dockable.shipyard_a.lod2-112.vms include="shipyard_a_3db\lod2-112.vms.xml"/>
      </VMeshLibrary>
      <Exporter_Version name="Exporter Version" type="text">Aug 24 2002 12:33:14</Exporter_Version>
      <Hardpoints>
         <Fixed>
            <HpConnect01>
               <Orientation type="Matrix">
                    1.0000000000, -24.313884e-15,  104.30814e-09,
                   8.7707627e-15,   1.0000000000,  149.01160e-09,
                  -104.30814e-09, -149.01160e-09,   1.0000000000
               </Orientation>
               <Position type="Vector">0.31953186, 148.86836, -179.89705</Position>
            </HpConnect01>
            <HpDockMountA>
               <Orientation type="Matrix">
                    1.0000000000,  119.20929e-09,  98.756196e-09,
                  -119.20929e-09,   1.0000000000,  1.2190988e-15,
                  -98.756196e-09, -12.991755e-15,   1.0000000000
               </Orientation>
               <Position type="Vector">0.10538727, 17.904821, -144.96945</Position>
            </HpDockMountA>
            <HpDockMountB>
               <Orientation type="Matrix">
                   -1.0000000000, -134.31035e-09, -88.595648e-09,
                  -134.31034e-09,   1.0000000000, -109.19383e-09,
                   88.595662e-09, -109.19382e-09,  -1.0000000000
               </Orientation>
               <Position type="Vector">83.754959, 40.363342, -152.61307</Position>
            </HpDockMountB>
            <HpDockMountC>
               <Orientation type="Matrix">
                   -1.0000000000, -259.55509e-09, -58.655985e-09,
                  -259.55509e-09,   1.0000000000, -178.74706e-09,
                   58.656031e-09, -178.74704e-09,  -1.0000000000
               </Orientation>
               <Position type="Vector">0.28267533, -9.0259266, -166.57715</Position>
            </HpDockMountC>
            <HpDockMountD>
               <Orientation type="Matrix">
                   -1.0000000000, -134.31035e-09, -88.595648e-09,
                  -134.31034e-09,   1.0000000000, -109.19383e-09,
                   88.595662e-09, -109.19382e-09,  -1.0000000000
               </Orientation>
               <Position type="Vector">-82.596832, 40.363342, -152.61307</Position>
            </HpDockMountD>
            <HpDockMountE>
               <Orientation type="Matrix">
                   -1.0000000000, -259.55509e-09, -58.655985e-09,
                  -259.55509e-09,   1.0000000000, -178.74706e-09,
                   58.656031e-09, -178.74704e-09,  -1.0000000000
               </Orientation>
               <Position type="Vector">0.28267217, 63.619278, -166.57715</Position>
            </HpDockMountE>
            <HpDockMountF>
               <Orientation type="Matrix">
                   6.2640781e-09,  30.201878e-09,  -1.0000000000,
                   109.24115e-09,   1.0000000000,  30.201878e-09,
                    1.0000000000, -109.24115e-09,  6.2640750e-09
               </Orientation>
               <Position type="Vector">-21.84535, 124.03414, 39.095104</Position>
            </HpDockMountF>
            <HpDockMountG>
               <Orientation type="Matrix">
                   6.2640781e-09,  30.201878e-09,  -1.0000000000,
                   109.24115e-09,   1.0000000000,  30.201878e-09,
                    1.0000000000, -109.24115e-09,  6.2640750e-09
               </Orientation>
               <Position type="Vector">-21.845348, 124.03413, -39.409588</Position>
            </HpDockMountG>
            <HpDockMountH>
               <Orientation type="Matrix">
                   289.46297e-09, -30.201910e-09,   1.0000000000,
                   108.82405e-09,   1.0000000000,  30.201878e-09,
                   -1.0000000000,  108.82404e-09,  289.46297e-09
               </Orientation>
               <Position type="Vector">22.183949, 124.03413, 39.112236</Position>
            </HpDockMountH>
            <HpDockMountI>
               <Orientation type="Matrix">
                   289.46297e-09, -30.201910e-09,   1.0000000000,
                   108.82405e-09,   1.0000000000,  30.201878e-09,
                   -1.0000000000,  108.82404e-09,  289.46297e-09
               </Orientation>
               <Position type="Vector">22.183962, 124.03414, -39.392456</Position>
            </HpDockMountI>
            <HpDockMountZ>
               <Orientation type="Matrix">
                   -1.0000000000,  59.010016e-09, -292.90803e-09,
                   59.010002e-09,   1.0000000000,  50.064532e-09,
                   292.90803e-09,  50.064514e-09,  -1.0000000000
               </Orientation>
               <Position type="Vector">-343.34131, 32.665573, 3.2183712</Position>
            </HpDockMountZ>
            <HpDockPointA01>
               <Orientation type="Matrix">
                    1.0000000000,  119.20929e-09,  98.756196e-09,
                  -119.20929e-09,   1.0000000000,  1.2190988e-15,
                  -98.756196e-09, -12.991755e-15,   1.0000000000
               </Orientation>
               <Position type="Vector">0.10538727, 17.904821, 727.21417</Position>
            </HpDockPointA01>
            <HpDockPointA02>
               <Orientation type="Matrix">
                    1.0000000000,  119.20929e-09,  98.756196e-09,
                  -119.20929e-09,   1.0000000000,  1.2190988e-15,
                  -98.756196e-09, -12.991755e-15,   1.0000000000
               </Orientation>
               <Position type="Vector">0.10538727, 17.904821, 959.99957</Position>
            </HpDockPointA02>
            <HpDockPointB01>
               <Orientation type="Matrix">
                   -1.0000000000, -134.31035e-09, -88.595648e-09,
                  -134.31034e-09,   1.0000000000, -109.19383e-09,
                   88.595662e-09, -109.19382e-09,  -1.0000000000
               </Orientation>
               <Position type="Vector">83.754929, 40.3633, -520.99768</Position>
            </HpDockPointB01>
            <HpDockPointB02>
               <Orientation type="Matrix">
                   -1.0000000000, -134.31035e-09, -88.595648e-09,
                  -134.31034e-09,   1.0000000000, -109.19383e-09,
                   88.595662e-09, -109.19382e-09,  -1.0000000000
               </Orientation>
               <Position type="Vector">83.754913, 40.363281, -689.5069</Position>
            </HpDockPointB02>
            <HpDockPointC01>
               <Orientation type="Matrix">
                   -1.0000000000, -259.55509e-09, -58.655985e-09,
                  -259.55509e-09,   1.0000000000, -178.74706e-09,
                   58.656031e-09, -178.74704e-09,  -1.0000000000
               </Orientation>
               <Position type="Vector">0.28265458, -9.0259895, -520.69623</Position>
            </HpDockPointC01>
            <HpDockPointC02>
               <Orientation type="Matrix">
                   -1.0000000000, -259.55509e-09, -58.655985e-09,
                  -259.55509e-09,   1.0000000000, -178.74706e-09,
                   58.656031e-09, -178.74704e-09,  -1.0000000000
               </Orientation>
               <Position type="Vector">0.28264469, -9.0260201, -689.20575</Position>
            </HpDockPointC02>
            <HpDockPointD01>
               <Orientation type="Matrix">
                   -1.0000000000, -134.31035e-09, -88.595648e-09,
                  -134.31034e-09,   1.0000000000, -109.19383e-09,
                   88.595662e-09, -109.19382e-09,  -1.0000000000
               </Orientation>
               <Position type="Vector">-82.59687, 40.3633, -520.99774</Position>
            </HpDockPointD01>
            <HpDockPointD02>
               <Orientation type="Matrix">
                   -1.0000000000, -134.31035e-09, -88.595648e-09,
                  -134.31034e-09,   1.0000000000, -109.19383e-09,
                   88.595662e-09, -109.19382e-09,  -1.0000000000
               </Orientation>
               <Position type="Vector">-82.596886, 40.363281, -689.50696</Position>
            </HpDockPointD02>
            <HpDockPointE01>
               <Orientation type="Matrix">
                   -1.0000000000, -259.55509e-09, -58.655985e-09,
                  -259.55509e-09,   1.0000000000, -178.74706e-09,
                   58.656031e-09, -178.74704e-09,  -1.0000000000
               </Orientation>
               <Position type="Vector">0.28265142, 63.619217, -520.69623</Position>
            </HpDockPointE01>
            <HpDockPointE02>
               <Orientation type="Matrix">
                   -1.0000000000, -259.55509e-09, -58.655985e-09,
                  -259.55509e-09,   1.0000000000, -178.74706e-09,
                   58.656031e-09, -178.74704e-09,  -1.0000000000
               </Orientation>
               <Position type="Vector">0.2826415, 63.619194, -689.20575</Position>
            </HpDockPointE02>
            <HpDockPointF01>
               <Orientation type="Matrix">
                   6.2640781e-09,  30.201878e-09,  -1.0000000000,
                   109.24115e-09,   1.0000000000,  30.201878e-09,
                    1.0000000000, -109.24115e-09,  6.2640750e-09
               </Orientation>
               <Position type="Vector">-120.88165, 124.03414, 39.095104</Position>
            </HpDockPointF01>
            <HpDockPointF02>
               <Orientation type="Matrix">
                   6.2640781e-09,  30.201878e-09,  -1.0000000000,
                   109.24115e-09,   1.0000000000,  30.201878e-09,
                    1.0000000000, -109.24115e-09,  6.2640750e-09
               </Orientation>
               <Position type="Vector">-161.20146, 124.03414, 39.095104</Position>
            </HpDockPointF02>
            <HpDockPointG01>
               <Orientation type="Matrix">
                   6.2640781e-09,  30.201878e-09,  -1.0000000000,
                   109.24115e-09,   1.0000000000,  30.201878e-09,
                    1.0000000000, -109.24115e-09,  6.2640750e-09
               </Orientation>
               <Position type="Vector">-120.88165, 124.03413, -39.409588</Position>
            </HpDockPointG01>
            <HpDockPointG02>
               <Orientation type="Matrix">
                   6.2640781e-09,  30.201878e-09,  -1.0000000000,
                   109.24115e-09,   1.0000000000,  30.201878e-09,
                    1.0000000000, -109.24115e-09,  6.2640750e-09
               </Orientation>
               <Position type="Vector">-161.20146, 124.03413, -39.409588</Position>
            </HpDockPointG02>
            <HpDockPointH01>
               <Orientation type="Matrix">
                   289.46297e-09, -30.201910e-09,   1.0000000000,
                   108.82405e-09,   1.0000000000,  30.201878e-09,
                   -1.0000000000,  108.82404e-09,  289.46297e-09
               </Orientation>
               <Position type="Vector">121.22024, 124.03413, 39.112251</Position>
            </HpDockPointH01>
            <HpDockPointH02>
               <Orientation type="Matrix">
                   289.46297e-09, -30.201910e-09,   1.0000000000,
                   108.82405e-09,   1.0000000000,  30.201878e-09,
                   -1.0000000000,  108.82404e-09,  289.46297e-09
               </Orientation>
               <Position type="Vector">161.54004, 124.03413, 39.112259</Position>
            </HpDockPointH02>
            <HpDockPointI01>
               <Orientation type="Matrix">
                   289.46297e-09, -30.201910e-09,   1.0000000000,
                   108.82405e-09,   1.0000000000,  30.201878e-09,
                   -1.0000000000,  108.82404e-09,  289.46297e-09
               </Orientation>
               <Position type="Vector">121.22024, 124.03414, -39.392433</Position>
            </HpDockPointI01>
            <HpDockPointI02>
               <Orientation type="Matrix">
                   289.46297e-09, -30.201910e-09,   1.0000000000,
                   108.82405e-09,   1.0000000000,  30.201878e-09,
                   -1.0000000000,  108.82404e-09,  289.46297e-09
               </Orientation>
               <Position type="Vector">161.54005, 124.03414, -39.392433</Position>
            </HpDockPointI02>
            <HpDockPointZ01>
               <Orientation type="Matrix">
                   -1.0000000000,  168.62887e-09, -105.31855e-09,
                   168.62887e-09,   1.0000000000,  48.911737e-09,
                   105.31856e-09,  48.911719e-09,  -1.0000000000
               </Orientation>
               <Position type="Vector">-343.30875, 33.234673, -108.76138</Position>
            </HpDockPointZ01>
            <HpDockPointZ02>
               <Orientation type="Matrix">
                   -1.0000000000,  168.62887e-09, -105.31855e-09,
                   168.62887e-09,   1.0000000000,  48.911737e-09,
                   105.31856e-09,  48.911719e-09,  -1.0000000000
               </Orientation>
               <Position type="Vector">-343.30875, 37.52816, -299.66876</Position>
            </HpDockPointZ02>
            <HpHeadLight01>
               <Orientation type="Matrix">
                  -225.39378e-09,   0.4539903700,   0.8910065900,
                  -88.165137e-09,   0.8910065900,  -0.4539903700,
                   -1.0000000000, -180.88232e-09, -160.80122e-09
               </Orientation>
               <Position type="Vector">85.093971, -15.698278, -365.09943</Position>
            </HpHeadLight01>
            <HpHeadLight02>
               <Orientation type="Matrix">
                   290.32475e-09,   0.4617487200,   0.8870107500,
                   168.53052e-09,  -0.8870107500,   0.4617487200,
                    1.0000000000,  15.431302e-09, -335.33991e-09
               </Orientation>
               <Position type="Vector">85.093964, 76.121376, -365.09943</Position>
            </HpHeadLight02>
            <HpHeadLight03>
               <Orientation type="Matrix">
                   274.48050e-09,  -0.4539906400,  -0.8910064700,
                  -112.18549e-09,   0.8910064700,  -0.4539906400,
                    1.0000000000,  224.56958e-09,  193.63274e-09
               </Orientation>
               <Position type="Vector">-84.311981, -15.698286, -365.09943</Position>
            </HpHeadLight03>
            <HpHeadLight04>
               <Orientation type="Matrix">
                  -305.53258e-09,  -0.4617486300,  -0.8870108100,
                   154.60553e-09,  -0.8870108100,   0.4617486300,
                   -1.0000000000,  3.9424735e-09,  342.39960e-09
               </Orientation>
               <Position type="Vector">-84.311981, 76.121376, -365.09943</Position>
            </HpHeadLight04>
            <HpHeadLight05>
               <Orientation type="Matrix">
                  -225.39378e-09,   0.4539903700,   0.8910065900,
                  -88.165137e-09,   0.8910065900,  -0.4539903700,
                   -1.0000000000, -180.88232e-09, -160.80122e-09
               </Orientation>
               <Position type="Vector">85.093971, -15.698278, 0.075833134</Position>
            </HpHeadLight05>
            <HpHeadLight06>
               <Orientation type="Matrix">
                   290.32475e-09,   0.4617487200,   0.8870107500,
                   168.53052e-09,  -0.8870107500,   0.4617487200,
                    1.0000000000,  15.431302e-09, -335.33991e-09
               </Orientation>
               <Position type="Vector">85.093964, 76.121376, 0.075833134</Position>
            </HpHeadLight06>
            <HpHeadLight07>
               <Orientation type="Matrix">
                   274.48050e-09,  -0.4539906400,  -0.8910064700,
                  -112.18549e-09,   0.8910064700,  -0.4539906400,
                    1.0000000000,  224.56958e-09,  193.63274e-09
               </Orientation>
               <Position type="Vector">-84.311981, -15.698286, 0.075833134</Position>
            </HpHeadLight07>
            <HpHeadLight08>
               <Orientation type="Matrix">
                  -305.53258e-09,  -0.4617486300,  -0.8870108100,
                   154.60553e-09,  -0.8870108100,   0.4617486300,
                   -1.0000000000,  3.9424735e-09,  342.39960e-09
               </Orientation>
               <Position type="Vector">-84.311981, 76.121376, 0.075833134</Position>
            </HpHeadLight08>
            <HpHeadLight09>
               <Orientation type="Matrix">
                  -225.39378e-09,   0.4539903700,   0.8910065900,
                  -88.165137e-09,   0.8910065900,  -0.4539903700,
                   -1.0000000000, -180.88232e-09, -160.80122e-09
               </Orientation>
               <Position type="Vector">85.093971, -15.698278, 365.93088</Position>
            </HpHeadLight09>
            <HpHeadLight10>
               <Orientation type="Matrix">
                   290.32475e-09,   0.4617487200,   0.8870107500,
                   168.53052e-09,  -0.8870107500,   0.4617487200,
                    1.0000000000,  15.431302e-09, -335.33991e-09
               </Orientation>
               <Position type="Vector">85.093964, 76.121376, 365.93088</Position>
            </HpHeadLight10>
            <HpHeadLight11>
               <Orientation type="Matrix">
                   274.48050e-09,  -0.4539906400,  -0.8910064700,
                  -112.18549e-09,   0.8910064700,  -0.4539906400,
                    1.0000000000,  224.56958e-09,  193.63274e-09
               </Orientation>
               <Position type="Vector">-84.311981, -15.698286, 365.93088</Position>
            </HpHeadLight11>
            <HpHeadLight12>
               <Orientation type="Matrix">
                  -305.53258e-09,  -0.4617486300,  -0.8870108100,
                   154.60553e-09,  -0.8870108100,   0.4617486300,
                   -1.0000000000,  3.9424735e-09,  342.39960e-09
               </Orientation>
               <Position type="Vector">-84.311981, 76.121376, 365.93088</Position>
            </HpHeadLight12>
            <HpModule01>
               <Orientation type="Matrix">
                    0.0000000000,  -1.0000000000,   0.0000000000,
                    0.0000000000,   0.0000000000,  -1.0000000000,
                    1.0000000000,   0.0000000000,   0.0000000000
               </Orientation>
               <Position type="Vector">-136.27185, 30.443697, 0.10275147</Position>
            </HpModule01>
            <HpModule02>
               <Orientation type="Matrix">
                   59.604652e-09,  59.604659e-09,  -1.0000000000,
                  -3.5527145e-15,   1.0000000000,  59.604659e-09,
                    1.0000000000, -423.51657e-24,  59.604652e-09
               </Orientation>
               <Position type="Vector">-0.25441945, 131.28412, 0.10275147</Position>
            </HpModule02>
            <HpModule03>
               <Orientation type="Matrix">
                  -149.01160e-09,   1.0000000000, -29.802322e-09,
                  -29.802319e-09, -29.802326e-09,  -1.0000000000,
                   -1.0000000000, -149.01160e-09,  29.802322e-09
               </Orientation>
               <Position type="Vector">136.2735, 30.443697, 0.10275148</Position>
            </HpModule03>
            <HpMount01>
               <Orientation type="Matrix">
                   -1.0000000000, -8.8817833e-15,  119.20929e-09,
                   5.3290714e-15,   1.0000000000,  119.20929e-09,
                  -119.20929e-09,  119.20929e-09,  -1.0000000000
               </Orientation>
               <Position type="Vector">1.1277589, 2.474781, -133.30984</Position>
            </HpMount01>
            <HpMount02>
               <Orientation type="Matrix">
                   -1.0000000000, -8.8817833e-15,  119.20929e-09,
                   5.3290714e-15,   1.0000000000,  119.20929e-09,
                  -119.20929e-09,  119.20929e-09,  -1.0000000000
               </Orientation>
               <Position type="Vector">1.1277589, 2.474781, 176.28696</Position>
            </HpMount02>
            <HpRunningLight01>
               <Orientation type="Matrix">
                    1.0000000000, -44.703498e-09,  44.703484e-09,
                   44.703491e-09,   1.0000000000,  119.20929e-09,
                  -44.703491e-09, -119.20929e-09,   1.0000000000
               </Orientation>
               <Position type="Vector">129.74908, 63.945702, -372.9321</Position>
            </HpRunningLight01>
            <HpRunningLight02>
               <Orientation type="Matrix">
                    1.0000000000, -44.703498e-09,  44.703484e-09,
                   44.703491e-09,   1.0000000000,  119.20929e-09,
                  -44.703491e-09, -119.20929e-09,   1.0000000000
               </Orientation>
               <Position type="Vector">129.74911, -2.7144165, -372.93207</Position>
            </HpRunningLight02>
            <HpRunningLight03>
               <Orientation type="Matrix">
                    1.0000000000, -44.703498e-09,  44.703484e-09,
                   44.703491e-09,   1.0000000000,  119.20929e-09,
                  -44.703491e-09, -119.20929e-09,   1.0000000000
               </Orientation>
               <Position type="Vector">-129.58891, -2.7144222, -372.93204</Position>
            </HpRunningLight03>
            <HpRunningLight04>
               <Orientation type="Matrix">
                    1.0000000000, -44.703498e-09,  44.703484e-09,
                   44.703491e-09,   1.0000000000,  119.20929e-09,
                  -44.703491e-09, -119.20929e-09,   1.0000000000
               </Orientation>
               <Position type="Vector">-129.58894, 63.945694, -372.93207</Position>
            </HpRunningLight04>
            <HpRunningLight05>
               <Orientation type="Matrix">
                  -1.9984027e-15, -29.802315e-09,   1.0000000000,
                  -119.20929e-09,   1.0000000000,  29.802315e-09,
                   -1.0000000000, -119.20929e-09, -5.5511155e-15
               </Orientation>
               <Position type="Vector">-137.17734, -2.7143745, 0.11951021</Position>
            </HpRunningLight05>
            <HpRunningLight06>
               <Orientation type="Matrix">
                  -1.9984027e-15, -29.802315e-09,   1.0000000000,
                  -119.20929e-09,   1.0000000000,  29.802315e-09,
                   -1.0000000000, -119.20929e-09, -5.5511155e-15
               </Orientation>
               <Position type="Vector">-137.17737, 63.94574, 0.11947931</Position>
            </HpRunningLight06>
            <HpRunningLight07>
               <Orientation type="Matrix">
                   -1.0000000000,  37.252914e-09, -156.46221e-09,
                   37.252896e-09,   1.0000000000,  119.20929e-09,
                   156.46221e-09,  119.20928e-09,  -1.0000000000
               </Orientation>
               <Position type="Vector">-129.70476, 63.945702, 373.0806</Position>
            </HpRunningLight07>
            <HpRunningLight08>
               <Orientation type="Matrix">
                   -1.0000000000,  37.252914e-09, -156.46221e-09,
                   37.252896e-09,   1.0000000000,  119.20929e-09,
                   156.46221e-09,  119.20928e-09,  -1.0000000000
               </Orientation>
               <Position type="Vector">-129.70479, -2.7144165, 373.0806</Position>
            </HpRunningLight08>
            <HpRunningLight09>
               <Orientation type="Matrix">
                   -1.0000000000,  37.252914e-09, -156.46221e-09,
                   37.252896e-09,   1.0000000000,  119.20929e-09,
                   156.46221e-09,  119.20928e-09,  -1.0000000000
               </Orientation>
               <Position type="Vector">129.63324, -2.7144222, 373.08057</Position>
            </HpRunningLight09>
            <HpRunningLight10>
               <Orientation type="Matrix">
                   -1.0000000000,  37.252914e-09, -156.46221e-09,
                   37.252896e-09,   1.0000000000,  119.20929e-09,
                   156.46221e-09,  119.20928e-09,  -1.0000000000
               </Orientation>
               <Position type="Vector">129.63327, 63.945694, 373.0806</Position>
            </HpRunningLight10>
            <HpRunningLight11>
               <Orientation type="Matrix">
                   178.81395e-09,  59.604666e-09,  -1.0000000000,
                  -119.20929e-09,   1.0000000000,  59.604645e-09,
                    1.0000000000,  119.20928e-09,  178.81395e-09
               </Orientation>
               <Position type="Vector">137.22163, -2.7143745, 0.028993137</Position>
            </HpRunningLight11>
            <HpRunningLight12>
               <Orientation type="Matrix">
                   178.81395e-09,  59.604666e-09,  -1.0000000000,
                  -119.20929e-09,   1.0000000000,  59.604645e-09,
                    1.0000000000,  119.20928e-09,  178.81395e-09
               </Orientation>
               <Position type="Vector">137.22166, 63.94574, 0.029034339</Position>
            </HpRunningLight12>
            <HpRunningLight13>
               <Orientation type="Matrix">
                  -119.20929e-09,   1.0000000000, -29.802322e-09,
                  -178.81393e-09, -29.802344e-09,  -1.0000000000,
                   -1.0000000000, -119.20928e-09,  178.81393e-09
               </Orientation>
               <Position type="Vector">0.31953186, 148.86836, -179.89705</Position>
            </HpRunningLight13>
            <HpRunningLight14>
               <Orientation type="Matrix">
                  -119.20929e-09,   1.0000000000, -29.802322e-09,
                  -178.81393e-09, -29.802344e-09,  -1.0000000000,
                   -1.0000000000, -119.20928e-09,  178.81393e-09
               </Orientation>
               <Position type="Vector">0.31953222, 140.76331, 101.77722</Position>
            </HpRunningLight14>
            <HpRunningLight15>
               <Orientation type="Matrix">
                  -29.802329e-09,  -1.0000000000,  29.802322e-09,
                  -119.20929e-09,  29.802326e-09,   1.0000000000,
                   -1.0000000000,  29.802326e-09, -119.20929e-09
               </Orientation>
               <Position type="Vector">0.3195422, -86.67112, 101.77722</Position>
            </HpRunningLight15>
            <HpRunningLight16>
               <Orientation type="Matrix">
                  -29.802329e-09,  -1.0000000000,  29.802322e-09,
                  -119.20929e-09,  29.802326e-09,   1.0000000000,
                   -1.0000000000,  29.802326e-09, -119.20929e-09
               </Orientation>
               <Position type="Vector">0.3195422, -86.67112, -99.667877</Position>
            </HpRunningLight16>
         </Fixed>
      </Hardpoints>
      <VMeshWire include="shipyard_a_3db\shipyard_a.vwd.xml"/>
      <MultiLevel>
         <Level0>
            <VMeshPart>
               <VMeshRef type="VMeshRef">
                  <!-- header size  --> 60,
                  <!-- vmesh lib    --> data.solar.dockable.shipyard_a.lod0-112.vms,
                  <!-- start vert   --> 0,
                  <!-- num verts    --> 3525,
                  <!-- start index  --> 0,
                  <!-- num indices  --> 3537,
                  <!-- start mesh   --> 0,
                  <!-- num meshes   --> 5,
                  <!-- bounding box -->  136.31682,   147.92883,   384.45483,
                                        -136.31659,   -85.408699, -383.24304,
                  <!-- center       -->   -2.9524186,  32.876511,    0.3685351,
                  <!-- radius       --> 399.82278
               </VMeshRef>
            </VMeshPart>
         </Level0>
         <Level1>
            <VMeshPart>
               <VMeshRef type="VMeshRef">
                  <!-- header size  --> 60,
                  <!-- vmesh lib    --> data.solar.dockable.shipyard_a.lod1-112.vms,
                  <!-- start vert   --> 0,
                  <!-- num verts    --> 2065,
                  <!-- start index  --> 0,
                  <!-- num indices  --> 2067,
                  <!-- start mesh   --> 0,
                  <!-- num meshes   --> 4,
                  <!-- bounding box -->  136.31682,   147.92883,   384.45483,
                                        -136.31659,   -85.408699, -383.24304,
                  <!-- center       -->   -2.9524186,  32.876511,    0.3685351,
                  <!-- radius       --> 399.82278
               </VMeshRef>
            </VMeshPart>
         </Level1>
         <Level2>
            <VMeshPart>
               <VMeshRef type="VMeshRef">
                  <!-- header size  --> 60,
                  <!-- vmesh lib    --> data.solar.dockable.shipyard_a.lod2-112.vms,
                  <!-- start vert   --> 0,
                  <!-- num verts    --> 990,
                  <!-- start index  --> 0,
                  <!-- num indices  --> 990,
                  <!-- start mesh   --> 0,
                  <!-- num meshes   --> 4,
                  <!-- bounding box -->  136.31682,   147.92883,   384.45483,
                                        -136.31659,   -85.408699, -383.24304,
                  <!-- center       -->   -2.9524186,  32.876511,    0.3685351,
                  <!-- radius       --> 399.82278
               </VMeshRef>
            </VMeshPart>
         </Level2>
         <Switch2 type="float array" count="4">
            0,
            100,
            1000,
            1000000
         </Switch2>
      </MultiLevel>
   </UTF_ROOT>
</UTFXML>
