<?xml version="1.0" encoding="ISO-8859-1"?>
<!-- XML generated by UTFXML Version 2.2 built 19-Aug-2010 -->
<UTFXML filename="shipyard_2x.3db" path="SOLAR\DOCKABLE">
   <UTF_ROOT>
      <VMeshLibrary>
         <data.solar.dockable.shipyard_2x.lod0-112.vms include="shipyard_2x_3db\lod0-112.vms.xml"/>
         <data.solar.dockable.shipyard_2x.lod1-112.vms include="shipyard_2x_3db\lod1-112.vms.xml"/>
         <data.solar.dockable.shipyard_2x.lod2-112.vms include="shipyard_2x_3db\lod2-112.vms.xml"/>
      </VMeshLibrary>
      <Exporter_Version name="Exporter Version" type="text">Nov  5 2002 11:41:55</Exporter_Version>
      <Hardpoints>
         <Fixed>
            <HpConnect01>
               <Orientation type="Matrix">
                    1.0000000000, -24.313886e-15,  104.30814e-09,
                   8.7707619e-15,   1.0000000000,  149.01161e-09,
                  -104.30814e-09, -149.01161e-09,   1.0000000000
               </Orientation>
               <Position type="Vector">0.55918074, 260.51965, -314.81982</Position>
            </HpConnect01>
            <HpDockMountA>
               <Orientation type="Matrix">
                    1.0000000000,  119.20929e-09,  98.756189e-09,
                  -119.20929e-09,   1.0000000000,  1.2190989e-15,
                  -98.756189e-09, -12.991754e-15,   1.0000000000
               </Orientation>
               <Position type="Vector">0.18442774, 31.333437, -253.69655</Position>
            </HpDockMountA>
            <HpDockMountB>
               <Orientation type="Matrix">
                   -1.0000000000, -93.037166e-09, -131.95297e-09,
                  -93.037151e-09,   1.0000000000, -113.15036e-09,
                   131.95299e-09, -113.15034e-09,  -1.0000000000
               </Orientation>
               <Position type="Vector">146.57118, 70.635849, -267.07288</Position>
            </HpDockMountB>
            <HpDockMountC>
               <Orientation type="Matrix">
                   -1.0000000000, -212.36829e-09, -24.505091e-09,
                  -212.36829e-09,   1.0000000000, -176.05730e-09,
                   24.505129e-09, -176.05730e-09,  -1.0000000000
               </Orientation>
               <Position type="Vector">0.49468184, -15.795372, -291.50998</Position>
            </HpDockMountC>
            <HpDockMountD>
               <Orientation type="Matrix">
                   -1.0000000000, -93.037166e-09, -131.95297e-09,
                  -93.037151e-09,   1.0000000000, -113.15036e-09,
                   131.95299e-09, -113.15034e-09,  -1.0000000000
               </Orientation>
               <Position type="Vector">-144.54446, 70.635849, -267.07288</Position>
            </HpDockMountD>
            <HpDockMountE>
               <Orientation type="Matrix">
                   -1.0000000000, -212.36829e-09, -24.505091e-09,
                  -212.36829e-09,   1.0000000000, -176.05730e-09,
                   24.505129e-09, -176.05730e-09,  -1.0000000000
               </Orientation>
               <Position type="Vector">0.49467611, 111.33374, -291.50998</Position>
            </HpDockMountE>
            <HpDockMountF>
               <Orientation type="Matrix">
                  -2.5231817e-09,  30.283292e-09,  -1.0000000000,
                   110.09376e-09,   1.0000000000,  30.283292e-09,
                    1.0000000000, -110.09376e-09, -2.5231850e-09
               </Orientation>
               <Position type="Vector">-38.229362, 217.05974, 68.416428</Position>
            </HpDockMountF>
            <HpDockMountG>
               <Orientation type="Matrix">
                  -2.5231817e-09,  30.283292e-09,  -1.0000000000,
                   110.09376e-09,   1.0000000000,  30.283292e-09,
                    1.0000000000, -110.09376e-09, -2.5231850e-09
               </Orientation>
               <Position type="Vector">-38.229362, 217.05972, -68.966782</Position>
            </HpDockMountG>
            <HpDockMountH>
               <Orientation type="Matrix">
                   296.41345e-09, -30.283324e-09,   1.0000000000,
                   109.67925e-09,   1.0000000000,  30.283292e-09,
                   -1.0000000000,  109.67924e-09,  296.41345e-09
               </Orientation>
               <Position type="Vector">38.821911, 217.05972, 68.446411</Position>
            </HpDockMountH>
            <HpDockMountI>
               <Orientation type="Matrix">
                   296.41345e-09, -30.283324e-09,   1.0000000000,
                   109.67925e-09,   1.0000000000,  30.283292e-09,
                   -1.0000000000,  109.67924e-09,  296.41345e-09
               </Orientation>
               <Position type="Vector">38.821934, 217.05974, -68.93679</Position>
            </HpDockMountI>
            <HpDockMountZ>
               <Orientation type="Matrix">
                   -1.0000000000,  65.836574e-09, -310.59142e-09,
                   65.836559e-09,   1.0000000000,  50.993233e-09,
                   310.59142e-09,  50.993211e-09,  -1.0000000000
               </Orientation>
               <Position type="Vector">-600.84729, 57.164749, 5.6321487</Position>
            </HpDockMountZ>
            <HpDockPointA01>
               <Orientation type="Matrix">
                    1.0000000000,  119.20929e-09,  98.756189e-09,
                  -119.20929e-09,   1.0000000000,  1.2190989e-15,
                  -98.756189e-09, -12.991754e-15,   1.0000000000
               </Orientation>
               <Position type="Vector">0.18442774, 31.333437, 1272.6248</Position>
            </HpDockPointA01>
            <HpDockPointA02>
               <Orientation type="Matrix">
                    1.0000000000,  119.20929e-09,  98.756189e-09,
                  -119.20929e-09,   1.0000000000,  1.2190989e-15,
                  -98.756189e-09, -12.991754e-15,   1.0000000000
               </Orientation>
               <Position type="Vector">0.18442774, 31.333437, 1679.9991</Position>
            </HpDockPointA02>
            <HpDockPointB01>
               <Orientation type="Matrix">
                   -1.0000000000, -93.037166e-09, -131.95297e-09,
                  -93.037151e-09,   1.0000000000, -113.15036e-09,
                   131.95299e-09, -113.15034e-09,  -1.0000000000
               </Orientation>
               <Position type="Vector">146.57112, 70.635773, -911.74597</Position>
            </HpDockPointB01>
            <HpDockPointB02>
               <Orientation type="Matrix">
                   -1.0000000000, -93.037166e-09, -131.95297e-09,
                  -93.037151e-09,   1.0000000000, -113.15036e-09,
                   131.95299e-09, -113.15034e-09,  -1.0000000000
               </Orientation>
               <Position type="Vector">146.57109, 70.635742, -1206.6371</Position>
            </HpDockPointB02>
            <HpDockPointC01>
               <Orientation type="Matrix">
                   -1.0000000000, -212.36829e-09, -24.505091e-09,
                  -212.36829e-09,   1.0000000000, -176.05730e-09,
                   24.505129e-09, -176.05730e-09,  -1.0000000000
               </Orientation>
               <Position type="Vector">0.4946456, -15.795479, -911.21838</Position>
            </HpDockPointC01>
            <HpDockPointC02>
               <Orientation type="Matrix">
                   -1.0000000000, -212.36829e-09, -24.505091e-09,
                  -212.36829e-09,   1.0000000000, -176.05730e-09,
                   24.505129e-09, -176.05730e-09,  -1.0000000000
               </Orientation>
               <Position type="Vector">0.49462795, -15.795532, -1206.11</Position>
            </HpDockPointC02>
            <HpDockPointD01>
               <Orientation type="Matrix">
                   -1.0000000000, -93.037166e-09, -131.95297e-09,
                  -93.037151e-09,   1.0000000000, -113.15036e-09,
                   131.95299e-09, -113.15034e-09,  -1.0000000000
               </Orientation>
               <Position type="Vector">-144.54453, 70.635773, -911.74603</Position>
            </HpDockPointD01>
            <HpDockPointD02>
               <Orientation type="Matrix">
                   -1.0000000000, -93.037166e-09, -131.95297e-09,
                  -93.037151e-09,   1.0000000000, -113.15036e-09,
                   131.95299e-09, -113.15034e-09,  -1.0000000000
               </Orientation>
               <Position type="Vector">-144.54454, 70.635742, -1206.6372</Position>
            </HpDockPointD02>
            <HpDockPointE01>
               <Orientation type="Matrix">
                   -1.0000000000, -212.36829e-09, -24.505091e-09,
                  -212.36829e-09,   1.0000000000, -176.05730e-09,
                   24.505129e-09, -176.05730e-09,  -1.0000000000
               </Orientation>
               <Position type="Vector">0.49463987, 111.33363, -911.21838</Position>
            </HpDockPointE01>
            <HpDockPointE02>
               <Orientation type="Matrix">
                   -1.0000000000, -212.36829e-09, -24.505091e-09,
                  -212.36829e-09,   1.0000000000, -176.05730e-09,
                   24.505129e-09, -176.05730e-09,  -1.0000000000
               </Orientation>
               <Position type="Vector">0.49462271, 111.33359, -1206.11</Position>
            </HpDockPointE02>
            <HpDockPointF01>
               <Orientation type="Matrix">
                  -2.5231817e-09,  30.283292e-09,  -1.0000000000,
                   110.09376e-09,   1.0000000000,  30.283292e-09,
                    1.0000000000, -110.09376e-09, -2.5231850e-09
               </Orientation>
               <Position type="Vector">-211.54289, 217.05974, 68.416428</Position>
            </HpDockPointF01>
            <HpDockPointF02>
               <Orientation type="Matrix">
                  -2.5231817e-09,  30.283292e-09,  -1.0000000000,
                   110.09376e-09,   1.0000000000,  30.283292e-09,
                    1.0000000000, -110.09376e-09, -2.5231850e-09
               </Orientation>
               <Position type="Vector">-282.10257, 217.05974, 68.416428</Position>
            </HpDockPointF02>
            <HpDockPointG01>
               <Orientation type="Matrix">
                  -2.5231817e-09,  30.283292e-09,  -1.0000000000,
                   110.09376e-09,   1.0000000000,  30.283292e-09,
                    1.0000000000, -110.09376e-09, -2.5231850e-09
               </Orientation>
               <Position type="Vector">-211.54289, 217.05972, -68.966782</Position>
            </HpDockPointG01>
            <HpDockPointG02>
               <Orientation type="Matrix">
                  -2.5231817e-09,  30.283292e-09,  -1.0000000000,
                   110.09376e-09,   1.0000000000,  30.283292e-09,
                    1.0000000000, -110.09376e-09, -2.5231850e-09
               </Orientation>
               <Position type="Vector">-282.10257, 217.05972, -68.966782</Position>
            </HpDockPointG02>
            <HpDockPointH01>
               <Orientation type="Matrix">
                   296.41345e-09, -30.283324e-09,   1.0000000000,
                   109.67925e-09,   1.0000000000,  30.283292e-09,
                   -1.0000000000,  109.67924e-09,  296.41345e-09
               </Orientation>
               <Position type="Vector">212.13541, 217.05972, 68.446442</Position>
            </HpDockPointH01>
            <HpDockPointH02>
               <Orientation type="Matrix">
                   296.41345e-09, -30.283324e-09,   1.0000000000,
                   109.67925e-09,   1.0000000000,  30.283292e-09,
                   -1.0000000000,  109.67924e-09,  296.41345e-09
               </Orientation>
               <Position type="Vector">282.69507, 217.05972, 68.446457</Position>
            </HpDockPointH02>
            <HpDockPointI01>
               <Orientation type="Matrix">
                   296.41345e-09, -30.283324e-09,   1.0000000000,
                   109.67925e-09,   1.0000000000,  30.283292e-09,
                   -1.0000000000,  109.67924e-09,  296.41345e-09
               </Orientation>
               <Position type="Vector">212.13541, 217.05974, -68.936752</Position>
            </HpDockPointI01>
            <HpDockPointI02>
               <Orientation type="Matrix">
                   296.41345e-09, -30.283324e-09,   1.0000000000,
                   109.67925e-09,   1.0000000000,  30.283292e-09,
                   -1.0000000000,  109.67924e-09,  296.41345e-09
               </Orientation>
               <Position type="Vector">282.69507, 217.05974, -68.936752</Position>
            </HpDockPointI02>
            <HpDockPointZ01>
               <Orientation type="Matrix">
                   -1.0000000000,  169.94196e-09, -73.206159e-09,
                   169.94196e-09,   1.0000000000,  46.313577e-09,
                   73.206166e-09,  46.313563e-09,  -1.0000000000
               </Orientation>
               <Position type="Vector">-600.79034, 58.160671, -190.33241</Position>
            </HpDockPointZ01>
            <HpDockPointZ02>
               <Orientation type="Matrix">
                   -1.0000000000,  169.94196e-09, -73.206159e-09,
                   169.94196e-09,   1.0000000000,  46.313577e-09,
                   73.206166e-09,  46.313563e-09,  -1.0000000000
               </Orientation>
               <Position type="Vector">-600.79034, 65.674278, -524.42035</Position>
            </HpDockPointZ02>
            <HpHeadLight01>
               <Orientation type="Matrix">
                  -224.84046e-09,   0.4539904600,   0.8910065300,
                  -88.703601e-09,   0.8910065300,  -0.4539904600,
                   -1.0000000000, -181.11091e-09, -160.06373e-09
               </Orientation>
               <Position type="Vector">148.91444, -27.471985, -638.92401</Position>
            </HpHeadLight01>
            <HpHeadLight02>
               <Orientation type="Matrix">
                   290.30335e-09,   0.4617487500,   0.8870107500,
                   168.59912e-09,  -0.8870107500,   0.4617487500,
                    1.0000000000,  15.502021e-09, -335.35264e-09
               </Orientation>
               <Position type="Vector">148.91444, 133.2124, -638.92401</Position>
            </HpHeadLight02>
            <HpHeadLight03>
               <Orientation type="Matrix">
                   275.01352e-09,  -0.4539906700,  -0.8910064100,
                  -112.59148e-09,   0.8910064100,  -0.4539906700,
                    1.0000000000,  225.17330e-09,  193.92331e-09
               </Orientation>
               <Position type="Vector">-147.54596, -27.472, -638.92401</Position>
            </HpHeadLight03>
            <HpHeadLight04>
               <Orientation type="Matrix">
                  -302.93492e-09,  -0.4617486000,  -0.8870108100,
                   153.52509e-09,  -0.8870108100,   0.4617486000,
                   -1.0000000000,  3.7013583e-09,  339.59654e-09
               </Orientation>
               <Position type="Vector">-147.54596, 133.2124, -638.92401</Position>
            </HpHeadLight04>
            <HpHeadLight05>
               <Orientation type="Matrix">
                  -224.84046e-09,   0.4539904600,   0.8910065300,
                  -88.703601e-09,   0.8910065300,  -0.4539904600,
                   -1.0000000000, -181.11091e-09, -160.06373e-09
               </Orientation>
               <Position type="Vector">148.91444, -27.471985, 0.1327076</Position>
            </HpHeadLight05>
            <HpHeadLight06>
               <Orientation type="Matrix">
                   290.30335e-09,   0.4617487500,   0.8870107500,
                   168.59912e-09,  -0.8870107500,   0.4617487500,
                    1.0000000000,  15.502021e-09, -335.35264e-09
               </Orientation>
               <Position type="Vector">148.91444, 133.2124, 0.1327076</Position>
            </HpHeadLight06>
            <HpHeadLight07>
               <Orientation type="Matrix">
                   275.01352e-09,  -0.4539906700,  -0.8910064100,
                  -112.59148e-09,   0.8910064100,  -0.4539906700,
                    1.0000000000,  225.17330e-09,  193.92331e-09
               </Orientation>
               <Position type="Vector">-147.54596, -27.472, 0.1327076</Position>
            </HpHeadLight07>
            <HpHeadLight08>
               <Orientation type="Matrix">
                  -302.93492e-09,  -0.4617486000,  -0.8870108100,
                   153.52509e-09,  -0.8870108100,   0.4617486000,
                   -1.0000000000,  3.7013583e-09,  339.59654e-09
               </Orientation>
               <Position type="Vector">-147.54596, 133.2124, 0.1327076</Position>
            </HpHeadLight08>
            <HpHeadLight09>
               <Orientation type="Matrix">
                  -224.84046e-09,   0.4539904600,   0.8910065300,
                  -88.703601e-09,   0.8910065300,  -0.4539904600,
                   -1.0000000000, -181.11091e-09, -160.06373e-09
               </Orientation>
               <Position type="Vector">148.91444, -27.471985, 640.37903</Position>
            </HpHeadLight09>
            <HpHeadLight10>
               <Orientation type="Matrix">
                   290.30335e-09,   0.4617487500,   0.8870107500,
                   168.59912e-09,  -0.8870107500,   0.4617487500,
                    1.0000000000,  15.502021e-09, -335.35264e-09
               </Orientation>
               <Position type="Vector">148.91444, 133.2124, 640.37903</Position>
            </HpHeadLight10>
            <HpHeadLight11>
               <Orientation type="Matrix">
                   275.01352e-09,  -0.4539906700,  -0.8910064100,
                  -112.59148e-09,   0.8910064100,  -0.4539906700,
                    1.0000000000,  225.17330e-09,  193.92331e-09
               </Orientation>
               <Position type="Vector">-147.54596, -27.472, 640.37903</Position>
            </HpHeadLight11>
            <HpHeadLight12>
               <Orientation type="Matrix">
                  -302.93492e-09,  -0.4617486000,  -0.8870108100,
                   153.52509e-09,  -0.8870108100,   0.4617486000,
                   -1.0000000000,  3.7013583e-09,  339.59654e-09
               </Orientation>
               <Position type="Vector">-147.54596, 133.2124, 640.37903</Position>
            </HpHeadLight12>
            <HpModule01>
               <Orientation type="Matrix">
                    0.0000000000,  -1.0000000000,   0.0000000000,
                    0.0000000000,   0.0000000000,  -1.0000000000,
                    1.0000000000,   0.0000000000,   0.0000000000
               </Orientation>
               <Position type="Vector">-238.47574, 53.27647, 0.17981529</Position>
            </HpModule01>
            <HpModule02>
               <Orientation type="Matrix">
                   59.604652e-09,  59.604659e-09,  -1.0000000000,
                  -3.5527145e-15,   1.0000000000,  59.604659e-09,
                    1.0000000000, -423.51657e-24,  59.604652e-09
               </Orientation>
               <Position type="Vector">-0.44523406, 229.74719, 0.17981529</Position>
            </HpModule02>
            <HpModule03>
               <Orientation type="Matrix">
                  -149.01160e-09,   1.0000000000, -29.802322e-09,
                  -29.802319e-09, -29.802326e-09,  -1.0000000000,
                   -1.0000000000, -149.01160e-09,  29.802322e-09
               </Orientation>
               <Position type="Vector">238.47861, 53.27647, 0.17981529</Position>
            </HpModule03>
            <HpMount01>
               <Orientation type="Matrix">
                   -1.0000000000, -8.8817842e-15,  119.20929e-09,
                   5.3290705e-15,   1.0000000000,  119.20929e-09,
                  -119.20929e-09,  119.20929e-09,  -1.0000000000
               </Orientation>
               <Position type="Vector">1.973578, 4.3308678, -233.29222</Position>
            </HpMount01>
            <HpMount02>
               <Orientation type="Matrix">
                   -1.0000000000, -8.8817842e-15,  119.20929e-09,
                   5.3290705e-15,   1.0000000000,  119.20929e-09,
                  -119.20929e-09,  119.20929e-09,  -1.0000000000
               </Orientation>
               <Position type="Vector">1.973578, 4.3308678, 308.5022</Position>
            </HpMount02>
            <HpRunningLight01>
               <Orientation type="Matrix">
                    1.0000000000, -44.703494e-09,  44.703487e-09,
                   44.703487e-09,   1.0000000000,  119.20929e-09,
                  -44.703494e-09, -119.20929e-09,   1.0000000000
               </Orientation>
               <Position type="Vector">227.0609, 111.90497, -652.63116</Position>
            </HpRunningLight01>
            <HpRunningLight02>
               <Orientation type="Matrix">
                    1.0000000000, -44.703494e-09,  44.703487e-09,
                   44.703487e-09,   1.0000000000,  119.20929e-09,
                  -44.703494e-09, -119.20929e-09,   1.0000000000
               </Orientation>
               <Position type="Vector">227.06094, -4.7502289, -652.63116</Position>
            </HpRunningLight02>
            <HpRunningLight03>
               <Orientation type="Matrix">
                    1.0000000000, -44.703494e-09,  44.703487e-09,
                   44.703487e-09,   1.0000000000,  119.20929e-09,
                  -44.703494e-09, -119.20929e-09,   1.0000000000
               </Orientation>
               <Position type="Vector">-226.78059, -4.7502403, -652.6311</Position>
            </HpRunningLight03>
            <HpRunningLight04>
               <Orientation type="Matrix">
                    1.0000000000, -44.703494e-09,  44.703487e-09,
                   44.703487e-09,   1.0000000000,  119.20929e-09,
                  -44.703494e-09, -119.20929e-09,   1.0000000000
               </Orientation>
               <Position type="Vector">-226.78064, 111.90496, -652.63116</Position>
            </HpRunningLight04>
            <HpRunningLight05>
               <Orientation type="Matrix">
                  -1.9984029e-15, -29.802314e-09,   1.0000000000,
                  -119.20929e-09,   1.0000000000,  29.802314e-09,
                   -1.0000000000, -119.20929e-09, -5.5511155e-15
               </Orientation>
               <Position type="Vector">-240.06033, -4.7501564, 0.20914268</Position>
            </HpRunningLight05>
            <HpRunningLight06>
               <Orientation type="Matrix">
                  -1.9984029e-15, -29.802314e-09,   1.0000000000,
                  -119.20929e-09,   1.0000000000,  29.802314e-09,
                   -1.0000000000, -119.20929e-09, -5.5511155e-15
               </Orientation>
               <Position type="Vector">-240.06038, 111.90504, 0.20908928</Position>
            </HpRunningLight06>
            <HpRunningLight07>
               <Orientation type="Matrix">
                   -1.0000000000,  37.252914e-09, -156.46218e-09,
                   37.252896e-09,   1.0000000000,  119.20929e-09,
                   156.46218e-09,  119.20928e-09,  -1.0000000000
               </Orientation>
               <Position type="Vector">-226.98334, 111.90497, 652.89105</Position>
            </HpRunningLight07>
            <HpRunningLight08>
               <Orientation type="Matrix">
                   -1.0000000000,  37.252914e-09, -156.46218e-09,
                   37.252896e-09,   1.0000000000,  119.20929e-09,
                   156.46218e-09,  119.20928e-09,  -1.0000000000
               </Orientation>
               <Position type="Vector">-226.98338, -4.7502289, 652.89105</Position>
            </HpRunningLight08>
            <HpRunningLight09>
               <Orientation type="Matrix">
                   -1.0000000000,  37.252914e-09, -156.46218e-09,
                   37.252896e-09,   1.0000000000,  119.20929e-09,
                   156.46218e-09,  119.20928e-09,  -1.0000000000
               </Orientation>
               <Position type="Vector">226.85815, -4.7502403, 652.89093</Position>
            </HpRunningLight09>
            <HpRunningLight10>
               <Orientation type="Matrix">
                   -1.0000000000,  37.252914e-09, -156.46218e-09,
                   37.252896e-09,   1.0000000000,  119.20929e-09,
                   156.46218e-09,  119.20928e-09,  -1.0000000000
               </Orientation>
               <Position type="Vector">226.8582, 111.90496, 652.89105</Position>
            </HpRunningLight10>
            <HpRunningLight11>
               <Orientation type="Matrix">
                   178.81396e-09,  59.604659e-09,  -1.0000000000,
                  -119.20929e-09,   1.0000000000,  59.604638e-09,
                    1.0000000000,  119.20928e-09,  178.81396e-09
               </Orientation>
               <Position type="Vector">240.13785, -4.7501564, 0.050737381</Position>
            </HpRunningLight11>
            <HpRunningLight12>
               <Orientation type="Matrix">
                   178.81396e-09,  59.604659e-09,  -1.0000000000,
                  -119.20929e-09,   1.0000000000,  59.604638e-09,
                    1.0000000000,  119.20928e-09,  178.81396e-09
               </Orientation>
               <Position type="Vector">240.13789, 111.90504, 0.05080986</Position>
            </HpRunningLight12>
            <HpRunningLight13>
               <Orientation type="Matrix">
                  -119.20929e-09,   1.0000000000, -29.802322e-09,
                  -178.81395e-09, -29.802344e-09,  -1.0000000000,
                   -1.0000000000, -119.20928e-09,  178.81395e-09
               </Orientation>
               <Position type="Vector">0.55918074, 260.51965, -314.81982</Position>
            </HpRunningLight13>
            <HpRunningLight14>
               <Orientation type="Matrix">
                  -119.20929e-09,   1.0000000000, -29.802322e-09,
                  -178.81395e-09, -29.802344e-09,  -1.0000000000,
                   -1.0000000000, -119.20928e-09,  178.81395e-09
               </Orientation>
               <Position type="Vector">0.55918121, 246.33578, 178.11014</Position>
            </HpRunningLight14>
            <HpRunningLight15>
               <Orientation type="Matrix">
                  -29.802329e-09,  -1.0000000000,  29.802322e-09,
                  -119.20929e-09,  29.802326e-09,   1.0000000000,
                   -1.0000000000,  29.802326e-09, -119.20929e-09
               </Orientation>
               <Position type="Vector">0.55919886, -151.67445, 178.11014</Position>
            </HpRunningLight15>
            <HpRunningLight16>
               <Orientation type="Matrix">
                  -29.802329e-09,  -1.0000000000,  29.802322e-09,
                  -119.20929e-09,  29.802326e-09,   1.0000000000,
                   -1.0000000000,  29.802326e-09, -119.20929e-09
               </Orientation>
               <Position type="Vector">0.55919886, -151.67445, -174.41879</Position>
            </HpRunningLight16>
         </Fixed>
      </Hardpoints>
      <VMeshWire include="shipyard_2x_3db\shipyard_2x.vwd.xml"/>
      <MultiLevel>
         <Level0>
            <VMeshPart>
               <VMeshRef type="VMeshRef">
                  <!-- header size  --> 60,
                  <!-- vmesh lib    --> data.solar.dockable.shipyard_2x.lod0-112.vms,
                  <!-- start vert   --> 0,
                  <!-- num verts    --> 3067,
                  <!-- start index  --> 0,
                  <!-- num indices  --> 3075,
                  <!-- start mesh   --> 0,
                  <!-- num meshes   --> 5,
                  <!-- bounding box -->  238.5544,     244.08144,   672.79596,
                                        -238.55406,   -149.4653,   -670.67529,
                  <!-- center       -->   -5.0627699,   50.961189,    0.59812808,
                  <!-- radius       --> 699.4458
               </VMeshRef>
            </VMeshPart>
         </Level0>
         <Level1>
            <VMeshPart>
               <VMeshRef type="VMeshRef">
                  <!-- header size  --> 60,
                  <!-- vmesh lib    --> data.solar.dockable.shipyard_2x.lod1-112.vms,
                  <!-- start vert   --> 0,
                  <!-- num verts    --> 1777,
                  <!-- start index  --> 0,
                  <!-- num indices  --> 1779,
                  <!-- start mesh   --> 0,
                  <!-- num meshes   --> 4,
                  <!-- bounding box -->  238.5544,     244.08144,   672.79596,
                                        -238.55406,   -149.4653,   -670.67529,
                  <!-- center       -->   -5.0627699,   50.961189,    0.59812808,
                  <!-- radius       --> 699.4458
               </VMeshRef>
            </VMeshPart>
         </Level1>
         <Level2>
            <VMeshPart>
               <VMeshRef type="VMeshRef">
                  <!-- header size  --> 60,
                  <!-- vmesh lib    --> data.solar.dockable.shipyard_2x.lod2-112.vms,
                  <!-- start vert   --> 0,
                  <!-- num verts    --> 846,
                  <!-- start index  --> 0,
                  <!-- num indices  --> 846,
                  <!-- start mesh   --> 0,
                  <!-- num meshes   --> 4,
                  <!-- bounding box -->  238.5544,     244.08144,   672.79596,
                                        -238.55406,   -149.4653,   -670.67529,
                  <!-- center       -->   -5.0627699,   50.961189,    0.59812808,
                  <!-- radius       --> 699.4458
               </VMeshRef>
            </VMeshPart>
         </Level2>
         <Switch2 type="float array" count="4">
            0,
            100,
            1000,
            1000000
         </Switch2>
      </MultiLevel>
   </UTF_ROOT>
</UTFXML>
