<?xml version="1.0" encoding="ISO-8859-1"?>
<!-- XML generated by UTFXML Version 2.2 built 19-Aug-2010 -->
<UTFXML filename="space_arch_chunk3d.3db" path="SOLAR\DOCKABLE">
   <UTF_ROOT>
      <VMeshLibrary>
         <data.solar.dockable.space_arch_chunk3d.lod0-212.vms include="space_arch_chunk3d_3db\lod0-212.vms.xml"/>
      </VMeshLibrary>
      <Exporter_Version name="Exporter Version" type="text">Jun 10 2002 16:27:11</Exporter_Version>
      <VMeshPart>
         <VMeshRef type="VMeshRef">
            <!-- header size  --> 60,
            <!-- vmesh lib    --> data.solar.dockable.space_arch_chunk3d.lod0-212.vms,
            <!-- start vert   --> 0,
            <!-- num verts    --> 209,
            <!-- start index  --> 0,
            <!-- num indices  --> 300,
            <!-- start mesh   --> 0,
            <!-- num meshes   --> 2,
            <!-- bounding box -->  215.48106,   176.25624,    197.944,
                                  -300.69373,  -175.87988,   -173.72635,
            <!-- center       -->  -24.660789,    5.8306861,   -2.564466,
            <!-- radius       --> 290.03879
         </VMeshRef>
      </VMeshPart>
      <VMeshWire include="space_arch_chunk3d_3db\space_arch_chunk3d.vwd.xml"/>
      <Hardpoints>
         <Revolute>
            <HpTurret01>
               <Axis type="Vector">0, 1, 0</Axis>
               <Max type="float">2.3736477</Max>
               <Min type="float">-1.2217305</Min>
               <Orientation type="Matrix">
                    0.9781476300,  -0.1993498400,  -0.0590501130,
                    0.2079116900,   0.9378672200,   0.2778089600,
                    0.0000000000,  -0.2840153600,   0.9588197500
               </Orientation>
               <Position type="Vector">-211.45508, 72.786369, -95.945793</Position>
            </HpTurret01>
            <HpTurret02>
               <Axis type="Vector">0, 1, 0</Axis>
               <Max type="float">6.2831855</Max>
               <Min type="float">-6.2831855</Min>
               <Orientation type="Matrix">
                    0.9998477100,   0.0172990970,  -0.0023081922,
                   -0.0174524080,   0.9910645500,  -0.1322362300,
                    0.0000000000,   0.1322563700,   0.9912155300
               </Orientation>
               <Position type="Vector">119.41621, 173.06583, -29.64324</Position>
            </HpTurret02>
            <HpTurret03>
               <Axis type="Vector">0, 1, 0</Axis>
               <Max type="float">6.2831855</Max>
               <Min type="float">-6.2831855</Min>
               <Orientation type="Matrix">
                    0.9961947200,  -0.0818996060,  -0.0298090200,
                   -0.0871557370,  -0.9361169300,  -0.3407186900,
                   931.32257e-12,   0.3420201500,  -0.9396927400
               </Orientation>
               <Position type="Vector">10.484877, -170.92061, 44.347786</Position>
            </HpTurret03>
         </Revolute>
      </Hardpoints>
   </UTF_ROOT>
</UTFXML>
