<?xml version="1.0" encoding="ISO-8859-1"?>
<!-- XML generated by UTFXML Version 2.2 built 19-Aug-2010 -->
<UTFXML filename="space_docking_fixture.3db" path="SOLAR\DOCKABLE">
   <UTF_ROOT>
      <VMeshLibrary>
         <data.solar.dockable.space_docking_fixture.lod0-112.vms include="space_docking_fixture_3db\lod0-112.vms.xml"/>
      </VMeshLibrary>
      <Exporter_Version name="Exporter Version" type="text">Aug 24 2002 12:33:14</Exporter_Version>
      <Hardpoints>
         <Fixed>
            <HpDockMountA>
               <Orientation type="Matrix">
                    0.0174524190,   0.0000000000,  -0.9998477100,
                    0.0000000000,   1.0000000000,   0.0000000000,
                    0.9998477100,   0.0000000000,   0.0174524190
               </Orientation>
               <Position type="Vector">-0.009583, 200, 156.144</Position>
            </HpDockMountA>
            <HpDockMountB>
               <Orientation type="Matrix">
                    1.0000000000, -141.53673e-09,  142.14471e-09,
                   141.53669e-09,   1.0000000000,  284.24111e-09,
                  -142.14476e-09, -284.24108e-09,   1.0000000000
               </Orientation>
               <Position type="Vector">-0.0095651206, 43.924797, 16.144035</Position>
            </HpDockMountB>
            <HpDockMountC>
               <Orientation type="Matrix">
                    1.0000000000, -141.53673e-09,  142.14471e-09,
                   141.53669e-09,   1.0000000000,  284.24111e-09,
                  -142.14476e-09, -284.24108e-09,   1.0000000000
               </Orientation>
               <Position type="Vector">-0.0095560448, -44.346474, 16.144039</Position>
            </HpDockMountC>
            <HpDockMountD>
               <Orientation type="Matrix">
                    1.0000000000, -141.53673e-09,  142.14471e-09,
                   141.53669e-09,   1.0000000000,  284.24111e-09,
                  -142.14476e-09, -284.24108e-09,   1.0000000000
               </Orientation>
               <Position type="Vector">-0.0095441015, -132.70895, 16.144043</Position>
            </HpDockMountD>
            <HpDockPointA01>
               <Orientation type="Matrix">
                    0.0174524190,   0.0000000000,  -0.9998477100,
                    0.0000000000,   1.0000000000,   0.0000000000,
                    0.9998477100,   0.0000000000,   0.0174524190
               </Orientation>
               <Position type="Vector">-100.00958, 200, 156.144</Position>
            </HpDockPointA01>
            <HpDockPointA02>
               <Orientation type="Matrix">
                    0.0174524190,   0.0000000000,  -0.9998477100,
                    0.0000000000,   1.0000000000,   0.0000000000,
                    0.9998477100,   0.0000000000,   0.0174524190
               </Orientation>
               <Position type="Vector">-200.00958, 200, 156.144</Position>
            </HpDockPointA02>
            <HpDockPointB01>
               <Orientation type="Matrix">
                    1.0000000000, -141.53673e-09,  142.14471e-09,
                   141.53669e-09,   1.0000000000,  284.24111e-09,
                  -142.14476e-09, -284.24108e-09,   1.0000000000
               </Orientation>
               <Position type="Vector">-0.0095632132, 43.924797, 62.758186</Position>
            </HpDockPointB01>
            <HpDockPointB02>
               <Orientation type="Matrix">
                    1.0000000000, -141.53673e-09,  142.14471e-09,
                   141.53669e-09,   1.0000000000,  284.24111e-09,
                  -142.14476e-09, -284.24108e-09,   1.0000000000
               </Orientation>
               <Position type="Vector">-0.0095632132, 43.924828, 179.7764</Position>
            </HpDockPointB02>
            <HpDockPointC01>
               <Orientation type="Matrix">
                    1.0000000000, -141.53673e-09,  142.14471e-09,
                   141.53669e-09,   1.0000000000,  284.24111e-09,
                  -142.14476e-09, -284.24108e-09,   1.0000000000
               </Orientation>
               <Position type="Vector">-0.0095560448, -44.346474, 62.758198</Position>
            </HpDockPointC01>
            <HpDockPointC02>
               <Orientation type="Matrix">
                    1.0000000000, -141.53673e-09,  142.14471e-09,
                   141.53669e-09,   1.0000000000,  284.24111e-09,
                  -142.14476e-09, -284.24108e-09,   1.0000000000
               </Orientation>
               <Position type="Vector">-0.0095636742, -44.346447, 179.77641</Position>
            </HpDockPointC02>
            <HpDockPointD01>
               <Orientation type="Matrix">
                    1.0000000000, -141.53673e-09,  142.14471e-09,
                   141.53669e-09,   1.0000000000,  284.24111e-09,
                  -142.14476e-09, -284.24108e-09,   1.0000000000
               </Orientation>
               <Position type="Vector">-0.0095364721, -132.70895, 62.758198</Position>
            </HpDockPointD01>
            <HpDockPointD02>
               <Orientation type="Matrix">
                    1.0000000000, -141.53673e-09,  142.14471e-09,
                   141.53669e-09,   1.0000000000,  284.24111e-09,
                  -142.14476e-09, -284.24108e-09,   1.0000000000
               </Orientation>
               <Position type="Vector">-0.0095479162, -132.70894, 179.77643</Position>
            </HpDockPointD02>
         </Fixed>
         <Revolute>
            <HpRunningLight01>
               <Axis type="Vector">0, 1, 0</Axis>
               <Max type="float">3.1415799</Max>
               <Min type="float">3.1415799</Min>
               <Orientation type="Matrix">
                   49.603784e-09,  88.266248e-09,   1.0000000000,
                    1.0000000000, -360.15737e-09, -49.603752e-09,
                   360.15737e-09,   1.0000000000, -88.266269e-09
               </Orientation>
               <Position type="Vector">-16.474512, 131.62433, -0.03420141</Position>
            </HpRunningLight01>
            <HpRunningLight02>
               <Axis type="Vector">0, 1, 0</Axis>
               <Max type="float">3.1415799</Max>
               <Min type="float">3.1415799</Min>
               <Orientation type="Matrix">
                  -207.26432e-09, -153.68281e-09,  -1.0000000000,
                    1.0000000000,  328.54061e-09, -207.26438e-09,
                   328.54064e-09,  -1.0000000000,  153.68273e-09
               </Orientation>
               <Position type="Vector">16.495632, 131.62433, -0.034204144</Position>
            </HpRunningLight02>
            <HpRunningLight03>
               <Axis type="Vector">0, 1, 0</Axis>
               <Max type="float">3.1415799</Max>
               <Min type="float">3.1415799</Min>
               <Orientation type="Matrix">
                   49.603784e-09,  88.266248e-09,   1.0000000000,
                    1.0000000000, -360.15737e-09, -49.603752e-09,
                   360.15737e-09,   1.0000000000, -88.266269e-09
               </Orientation>
               <Position type="Vector">-16.474506, 43.883026, -0.034227509</Position>
            </HpRunningLight03>
            <HpRunningLight04>
               <Axis type="Vector">0, 1, 0</Axis>
               <Max type="float">3.1415799</Max>
               <Min type="float">3.1415799</Min>
               <Orientation type="Matrix">
                  -207.26432e-09, -153.68281e-09,  -1.0000000000,
                    1.0000000000,  328.54061e-09, -207.26438e-09,
                   328.54064e-09,  -1.0000000000,  153.68273e-09
               </Orientation>
               <Position type="Vector">16.495636, 43.883026, -0.034233723</Position>
            </HpRunningLight04>
            <HpRunningLight05>
               <Axis type="Vector">0, 1, 0</Axis>
               <Max type="float">3.1415799</Max>
               <Min type="float">3.1415799</Min>
               <Orientation type="Matrix">
                   49.603784e-09,  88.266248e-09,   1.0000000000,
                    1.0000000000, -360.15737e-09, -49.603752e-09,
                   360.15737e-09,   1.0000000000, -88.266269e-09
               </Orientation>
               <Position type="Vector">-16.474501, -43.889641, -0.03425362</Position>
            </HpRunningLight05>
            <HpRunningLight06>
               <Axis type="Vector">0, 1, 0</Axis>
               <Max type="float">3.1415799</Max>
               <Min type="float">3.1415799</Min>
               <Orientation type="Matrix">
                  -207.26432e-09, -153.68281e-09,  -1.0000000000,
                    1.0000000000,  328.54061e-09, -207.26438e-09,
                   328.54064e-09,  -1.0000000000,  153.68273e-09
               </Orientation>
               <Position type="Vector">16.49564, -43.889641, -0.034263313</Position>
            </HpRunningLight06>
            <HpRunningLight07>
               <Axis type="Vector">0, 1, 0</Axis>
               <Max type="float">3.1415799</Max>
               <Min type="float">3.1415799</Min>
               <Orientation type="Matrix">
                   49.603784e-09,  88.266248e-09,   1.0000000000,
                    1.0000000000, -360.15737e-09, -49.603752e-09,
                   360.15737e-09,   1.0000000000, -88.266269e-09
               </Orientation>
               <Position type="Vector">-16.474495, -131.69646, -0.034279734</Position>
            </HpRunningLight07>
            <HpRunningLight08>
               <Axis type="Vector">0, 1, 0</Axis>
               <Max type="float">3.1415799</Max>
               <Min type="float">3.1415799</Min>
               <Orientation type="Matrix">
                  -207.26432e-09, -153.68281e-09,  -1.0000000000,
                    1.0000000000,  328.54061e-09, -207.26438e-09,
                   328.54064e-09,  -1.0000000000,  153.68273e-09
               </Orientation>
               <Position type="Vector">16.495644, -131.69646, -0.03429291</Position>
            </HpRunningLight08>
         </Revolute>
      </Hardpoints>
      <VMeshPart>
         <VMeshRef type="VMeshRef">
            <!-- header size  --> 60,
            <!-- vmesh lib    --> data.solar.dockable.space_docking_fixture.lod0-112.vms,
            <!-- start vert   --> 0,
            <!-- num verts    --> 486,
            <!-- start index  --> 0,
            <!-- num indices  --> 486,
            <!-- start mesh   --> 0,
            <!-- num meshes   --> 2,
            <!-- bounding box -->  16.11993,     134.34776,       8.1177473,
                                  -16.119934,   -134.34776,      -2.7223692,
            <!-- center       -->   0.10776556,    0.0012923747,  2.6545367,
            <!-- radius       --> 135.42932
         </VMeshRef>
      </VMeshPart>
      <VMeshWire include="space_docking_fixture_3db\space_docking_fixture.vwd.xml"/>
   </UTF_ROOT>
</UTFXML>
