<?xml version="1.0" encoding="ISO-8859-1"?>
<!-- XML generated by UTFXML Version 2.2 built 19-Aug-2010 -->
<UTFXML filename="space_arch_chunk3a.3db" path="SOLAR\DOCKABLE">
   <UTF_ROOT>
      <VMeshLibrary>
         <data.solar.dockable.space_arch_chunk3a.lod0-212.vms include="space_arch_chunk3a_3db\lod0-212.vms.xml"/>
      </VMeshLibrary>
      <Exporter_Version name="Exporter Version" type="text">Jun 10 2002 16:27:11</Exporter_Version>
      <VMeshPart>
         <VMeshRef type="VMeshRef">
            <!-- header size  --> 60,
            <!-- vmesh lib    --> data.solar.dockable.space_arch_chunk3a.lod0-212.vms,
            <!-- start vert   --> 0,
            <!-- num verts    --> 203,
            <!-- start index  --> 0,
            <!-- num indices  --> 294,
            <!-- start mesh   --> 0,
            <!-- num meshes   --> 2,
            <!-- bounding box -->  259.48904,    241.45393,    268.13123,
                                  -248.14473,   -241.45351,   -237.9877,
            <!-- center       -->    9.6581678,    1.8052628,   18.108562,
            <!-- radius       --> 297.36847
         </VMeshRef>
      </VMeshPart>
      <VMeshWire include="space_arch_chunk3a_3db\space_arch_chunk3a.vwd.xml"/>
      <Hardpoints>
         <Revolute>
            <HpTurret01>
               <Axis type="Vector">0, 1, 0</Axis>
               <Max type="float">6.2831855</Max>
               <Min type="float">-6.2831855</Min>
               <Orientation type="Matrix">
                    0.7313537000,   0.5906278500,  -0.3409991600,
                   -0.6819983100,   0.6333708800,  -0.3656768200,
                  -29.802322e-09,   0.5000000000,   0.8660254500
               </Orientation>
               <Position type="Vector">143.85593, 147.35271, 87.189034</Position>
            </HpTurret01>
            <HpTurret02>
               <Axis type="Vector">0, 1, 0</Axis>
               <Max type="float">6.2831855</Max>
               <Min type="float">-6.2831855</Min>
               <Orientation type="Matrix">
                    0.8535507900,  -0.5086596600,   0.1127671200,
                    0.5210096200,   0.8333182300,  -0.1847421800,
                   7.4505806e-09,   0.2164396000,   0.9762960100
               </Orientation>
               <Position type="Vector">-169.00546, 109.33077, 127.54846</Position>
            </HpTurret02>
            <HpTurret03>
               <Axis type="Vector">0, 1, 0</Axis>
               <Max type="float">6.2831855</Max>
               <Min type="float">-6.2831855</Min>
               <Orientation type="Matrix">
                    0.9961947200,   0.0340544580,  -0.0802272860,
                    0.0871557370,  -0.3892443200,   0.9170020800,
                  -3.7252903e-09,  -0.9205049300,  -0.3907312200
               </Orientation>
               <Position type="Vector">100.35844, -2.1917269, -199.72717</Position>
            </HpTurret03>
         </Revolute>
      </Hardpoints>
   </UTF_ROOT>
</UTFXML>
