<?xml version="1.0" encoding="ISO-8859-1"?>
<!-- XML generated by UTFXML Version 2.2 built 19-Aug-2010 -->
<UTFXML filename="space_arch_chunk1a.3db" path="SOLAR\DOCKABLE">
   <UTF_ROOT>
      <VMeshLibrary>
         <data.solar.dockable.space_arch_chunk1a.lod0-212.vms include="space_arch_chunk1a_3db\lod0-212.vms.xml"/>
      </VMeshLibrary>
      <Exporter_Version name="Exporter Version" type="text">Jun 10 2002 16:27:11</Exporter_Version>
      <VMeshPart>
         <VMeshRef type="VMeshRef">
            <!-- header size  --> 60,
            <!-- vmesh lib    --> data.solar.dockable.space_arch_chunk1a.lod0-212.vms,
            <!-- start vert   --> 0,
            <!-- num verts    --> 565,
            <!-- start index  --> 0,
            <!-- num indices  --> 867,
            <!-- start mesh   --> 0,
            <!-- num meshes   --> 2,
            <!-- bounding box -->  2331.854,     569.79468,  1646.4485,
                                  -1884.0209,  -3933.5015,  -1457.7568,
            <!-- center       -->   249.81516, -1570.1644,     97.427795,
            <!-- radius       --> 2547.0383
         </VMeshRef>
      </VMeshPart>
      <VMeshWire include="space_arch_chunk1a_3db\space_arch_chunk1a.vwd.xml"/>
      <Hardpoints>
         <Revolute>
            <HpTurret01>
               <Axis type="Vector">0, 1, 0</Axis>
               <Max type="float">6.2831855</Max>
               <Min type="float">-6.2831855</Min>
               <Orientation type="Matrix">
                    0.9970527300,  -0.0765676500,   0.0048172278,
                    0.0767190310,   0.9950853000,  -0.0626054560,
                    0.0000000000,   0.0627905130,   0.9980267300
               </Orientation>
               <Position type="Vector">-801.03857, 307.29785, -664.40015</Position>
            </HpTurret01>
            <HpTurret02>
               <Axis type="Vector">0, 1, 0</Axis>
               <Max type="float">6.2831855</Max>
               <Min type="float">-6.2831855</Min>
               <Orientation type="Matrix">
                   -0.2923717500,   0.4192163600,  -0.8595209700,
                   -0.9563046700,  -0.1281673900,   0.2627820100,
                  -59.604645e-09,   0.8987940500,   0.4383711800
               </Orientation>
               <Position type="Vector">1116.2589, -427.9502, 1316.778</Position>
            </HpTurret02>
            <HpTurret03>
               <Axis type="Vector">0, 1, 0</Axis>
               <Max type="float">6.2831855</Max>
               <Min type="float">-6.2831855</Min>
               <Orientation type="Matrix">
                    0.0535348060,  -0.9814773800,   0.1839446600,
                   -0.9808419900,  -0.0171318050,   0.1940488200,
                   -0.1873032300,  -0.1908090100,  -0.9635914600
               </Orientation>
               <Position type="Vector">-768.08295, -2290.0208, -118.73871</Position>
            </HpTurret03>
         </Revolute>
      </Hardpoints>
   </UTF_ROOT>
</UTFXML>
