<?xml version="1.0" encoding="ISO-8859-1"?>
<!-- XML generated by UTFXML Version 2.2 built 19-Aug-2010 -->
<UTFXML filename="space_arch_chunk3e.3db" path="SOLAR\DOCKABLE">
   <UTF_ROOT>
      <VMeshLibrary>
         <data.solar.dockable.space_arch_chunk3e.lod0-212.vms include="space_arch_chunk3e_3db\lod0-212.vms.xml"/>
      </VMeshLibrary>
      <Exporter_Version name="Exporter Version" type="text">Jun 10 2002 16:27:11</Exporter_Version>
      <VMeshPart>
         <VMeshRef type="VMeshRef">
            <!-- header size  --> 60,
            <!-- vmesh lib    --> data.solar.dockable.space_arch_chunk3e.lod0-212.vms,
            <!-- start vert   --> 0,
            <!-- num verts    --> 229,
            <!-- start index  --> 0,
            <!-- num indices  --> 300,
            <!-- start mesh   --> 0,
            <!-- num meshes   --> 2,
            <!-- bounding box -->  230.19131,    337.6167,    273.44452,
                                  -260.57608,    -78.063637, -249.91022,
            <!-- center       -->   -0.28162122, 116.33346,     0.81630772,
            <!-- radius       --> 304.84546
         </VMeshRef>
      </VMeshPart>
      <VMeshWire include="space_arch_chunk3e_3db\space_arch_chunk3e.vwd.xml"/>
      <Hardpoints>
         <Revolute>
            <HpTurret01>
               <Axis type="Vector">0, 1, 0</Axis>
               <Max type="float">6.2831855</Max>
               <Min type="float">-6.2831855</Min>
               <Orientation type="Matrix">
                    0.9702957300,   0.2408875800,   0.0223464650,
                    0.2419218700,  -0.9661474200,  -0.0896267820,
                    0.0000000000,   0.0923705770,  -0.9957246800
               </Orientation>
               <Position type="Vector">132.28017, -66.574959, -97.838867</Position>
            </HpTurret01>
            <HpTurret02>
               <Axis type="Vector">0, 1, 0</Axis>
               <Max type="float">6.2831855</Max>
               <Min type="float">-6.2831855</Min>
               <Orientation type="Matrix">
                    0.5877853600,  -0.7474340800,   0.3095973700,
                    0.8090168800,   0.5430429000,  -0.2249356800,
                    0.0000000000,   0.3826834300,   0.9238795000
               </Orientation>
               <Position type="Vector">-169.19933, 173.94434, 119.7065</Position>
            </HpTurret02>
            <HpTurret03>
               <Axis type="Vector">0, 1, 0</Axis>
               <Max type="float">6.2831855</Max>
               <Min type="float">-6.2831855</Min>
               <Orientation type="Matrix">
                    0.9659258100,   0.2516678600,  -0.0604201110,
                   -0.2588190400,   0.9392372400,  -0.2254909100,
                   1.8626451e-09,   0.2334453600,   0.9723699100
               </Orientation>
               <Position type="Vector">106.73965, 323.92355, -35.674519</Position>
            </HpTurret03>
         </Revolute>
      </Hardpoints>
   </UTF_ROOT>
</UTFXML>
