<?xml version="1.0" encoding="ISO-8859-1"?>
<!-- XML generated by UTFXML Version 2.2 built 19-Aug-2010 -->
<UTFXML filename="tlr_lod.3db" path="SOLAR\DOCKABLE">
   <UTF_ROOT>
      <VMeshLibrary>
         <data.solar.dockable.tlr_lod.lod0-112.vms include="tlr_lod_3db\lod.lod0-112.vms.xml"/>
         <data.solar.dockable.tlr_lod.lod1-112.vms include="tlr_lod_3db\lod.lod1-112.vms.xml"/>
         <data.solar.dockable.tlr_lod.lod2-112.vms include="tlr_lod_3db\lod.lod2-112.vms.xml"/>
         <data.solar.dockable.tlr_lod.lod3-112.vms include="tlr_lod_3db\lod.lod3-112.vms.xml"/>
      </VMeshLibrary>
      <Exporter_Version name="Exporter Version" type="text">Aug 24 2002 12:33:14</Exporter_Version>
      <Hardpoints>
         <Fixed>
            <HpFX01>
               <Orientation type="Matrix">
                   -0.7071068300,  -0.7071067100, -104.26989e-09,
                    0.7071067100,  -0.7071068300, -323.98881e-09,
                   155.36472e-09, -302.82465e-09,   1.0000000000
               </Orientation>
               <Position type="Vector">118.18298, 369.52002, -0.27893412</Position>
            </HpFX01>
            <HpFX02>
               <Orientation type="Matrix">
                    0.7071064700,  -0.7071070700, -118.30340e-09,
                    0.7071070700,   0.7071064700,  131.51552e-09,
                  -9.3424513e-09, -176.64865e-09,   1.0000000000
               </Orientation>
               <Position type="Vector">117.08582, 134.7653, -0.27902564</Position>
            </HpFX02>
            <HpFX03>
               <Orientation type="Matrix">
                    0.7071068900,   0.7071066500,  294.95902e-09,
                   -0.7071066500,   0.7071068900,  61.796577e-09,
                  -164.87078e-09, -252.26427e-09,   1.0000000000
               </Orientation>
               <Position type="Vector">-116.20239, 135.21916, -0.27896464</Position>
            </HpFX03>
            <HpFX04>
               <Orientation type="Matrix">
                   -0.7071064700,   0.7071070700,  184.95440e-09,
                   -0.7071070700,  -0.7071064700, -108.63983e-09,
                   53.962463e-09, -207.60250e-09,   1.0000000000
               </Orientation>
               <Position type="Vector">-117.60889, 371.06787, -0.27893415</Position>
            </HpFX04>
            <HpFX05>
               <Orientation type="Matrix">
                    0.7071065300,  -0.7071070100, -18.063133e-09,
                    0.7071070100,   0.7071065300,  355.47095e-09,
                  -238.58343e-09, -264.12840e-09,   1.0000000000
               </Orientation>
               <Position type="Vector">118.0542, -369.2334, -0.27917823</Position>
            </HpFX05>
            <HpFX06>
               <Orientation type="Matrix">
                   -0.7071066500,   0.7071068900,  399.41469e-09,
                   -0.7071068900,  -0.7071066500, -204.52151e-09,
                   137.81022e-09, -427.04741e-09,   1.0000000000
               </Orientation>
               <Position type="Vector">-115.94678, -135.87323, -0.27908674</Position>
            </HpFX06>
            <HpFX07>
               <Orientation type="Matrix">
                   -0.7071068300,  -0.7071067100,  32.847801e-09,
                    0.7071067100,  -0.7071068300, -224.41506e-09,
                   181.91230e-09, -135.45852e-09,   1.0000000000
               </Orientation>
               <Position type="Vector">118.54639, -135.06467, -0.27908674</Position>
            </HpFX07>
            <HpFX08>
               <Orientation type="Matrix">
                    0.7071070100,   0.7071065900,  375.03744e-09,
                   -0.7071065900,   0.7071070100,  218.64949e-09,
                  -110.58311e-09, -419.80005e-09,   1.0000000000
               </Orientation>
               <Position type="Vector">-115.11682, -368.88287, -0.27914777</Position>
            </HpFX08>
            <HpGreenLight01>
               <Orientation type="Matrix">
                    1.0000000000, -165.00296e-09,  411.85558e-09,
                   165.00290e-09,   1.0000000000,  138.92404e-09,
                  -411.85561e-09, -138.92397e-09,   1.0000000000
               </Orientation>
               <Position type="Vector">151.19568, 400.83154, -32.059864</Position>
            </HpGreenLight01>
            <HpGreenLight02>
               <Orientation type="Matrix">
                    1.0000000000, -165.00296e-09,  411.85558e-09,
                   165.00290e-09,   1.0000000000,  138.92404e-09,
                  -411.85561e-09, -138.92397e-09,   1.0000000000
               </Orientation>
               <Position type="Vector">-149.01404, 400.83145, -32.05975</Position>
            </HpGreenLight02>
            <HpGreenLight03>
               <Orientation type="Matrix">
                    1.0000000000, -165.00296e-09,  411.85558e-09,
                   165.00290e-09,   1.0000000000,  138.92404e-09,
                  -411.85561e-09, -138.92397e-09,   1.0000000000
               </Orientation>
               <Position type="Vector">-149.01392, 103.60345, -32.059666</Position>
            </HpGreenLight03>
            <HpGreenLight04>
               <Orientation type="Matrix">
                    1.0000000000, -165.00296e-09,  411.85558e-09,
                   165.00290e-09,   1.0000000000,  138.92404e-09,
                  -411.85561e-09, -138.92397e-09,   1.0000000000
               </Orientation>
               <Position type="Vector">151.1958, 103.60355, -32.059776</Position>
            </HpGreenLight04>
            <HpGreenLight05>
               <Orientation type="Matrix">
                   -1.0000000000, -176.81747e-09, -255.05551e-09,
                  -176.81737e-09,   1.0000000000, -404.13778e-09,
                   255.05560e-09, -404.13772e-09,  -1.0000000000
               </Orientation>
               <Position type="Vector">151.1958, -102.62487, 33.260456</Position>
            </HpGreenLight05>
            <HpGreenLight06>
               <Orientation type="Matrix">
                   -1.0000000000, -176.81747e-09, -255.05551e-09,
                  -176.81737e-09,   1.0000000000, -404.13778e-09,
                   255.05560e-09, -404.13772e-09,  -1.0000000000
               </Orientation>
               <Position type="Vector">-149.01392, -102.62496, 33.260567</Position>
            </HpGreenLight06>
            <HpGreenLight07>
               <Orientation type="Matrix">
                   -1.0000000000, -176.81747e-09, -255.05551e-09,
                  -176.81737e-09,   1.0000000000, -404.13778e-09,
                   255.05560e-09, -404.13772e-09,  -1.0000000000
               </Orientation>
               <Position type="Vector">-149.01392, -399.85294, 33.260651</Position>
            </HpGreenLight07>
            <HpGreenLight08>
               <Orientation type="Matrix">
                   -1.0000000000, -176.81747e-09, -255.05551e-09,
                  -176.81737e-09,   1.0000000000, -404.13778e-09,
                   255.05560e-09, -404.13772e-09,  -1.0000000000
               </Orientation>
               <Position type="Vector">151.1958, -399.85284, 33.26054</Position>
            </HpGreenLight08>
            <HpLeftAnim>
               <Orientation type="Matrix">
                  -337.68708e-09,  -1.0000000000, -178.80653e-09,
                    1.0000000000, -337.68708e-09,  68.477881e-09,
                  -68.477938e-09, -178.80650e-09,   1.0000000000
               </Orientation>
               <Position type="Vector">1.4499512, -254.51915, -0.27914774</Position>
            </HpLeftAnim>
            <HpLeftLane>
               <Orientation type="Matrix">
                   -1.0000000000,  9.0000520e-15, -150.99582e-09,
                  -9.0000546e-15,   1.0000000000,  119.20930e-09,
                   150.99582e-09,  119.20930e-09,  -1.0000000000
               </Orientation>
               <Position type="Vector">1.4605713, -254.50851, -0.27914774</Position>
            </HpLeftLane>
            <HpMount>
               <Orientation type="Matrix">
                    1.0000000000,   0.0000000000,   0.0000000000,
                    0.0000000000,   1.0000000000,   0.0000000000,
                    0.0000000000,   0.0000000000,   1.0000000000
               </Orientation>
               <Position type="Vector">0.93066406, 1.0410335, -0.27899668</Position>
            </HpMount>
            <HpRedLight01>
               <Orientation type="Matrix">
                    1.0000000000, -165.00296e-09,  411.85558e-09,
                   165.00290e-09,   1.0000000000,  138.92404e-09,
                  -411.85561e-09, -138.92397e-09,   1.0000000000
               </Orientation>
               <Position type="Vector">151.1958, -102.72528, -32.059719</Position>
            </HpRedLight01>
            <HpRedLight02>
               <Orientation type="Matrix">
                    1.0000000000, -165.00296e-09,  411.85558e-09,
                   165.00290e-09,   1.0000000000,  138.92404e-09,
                  -411.85561e-09, -138.92397e-09,   1.0000000000
               </Orientation>
               <Position type="Vector">-149.66223, -102.72537, -32.059605</Position>
            </HpRedLight02>
            <HpRedLight03>
               <Orientation type="Matrix">
                    1.0000000000, -165.00296e-09,  411.85558e-09,
                   165.00290e-09,   1.0000000000,  138.92404e-09,
                  -411.85561e-09, -138.92397e-09,   1.0000000000
               </Orientation>
               <Position type="Vector">-149.66223, -401.23184, -32.059521</Position>
            </HpRedLight03>
            <HpRedLight04>
               <Orientation type="Matrix">
                    1.0000000000, -165.00296e-09,  411.85558e-09,
                   165.00290e-09,   1.0000000000,  138.92404e-09,
                  -411.85561e-09, -138.92397e-09,   1.0000000000
               </Orientation>
               <Position type="Vector">151.1958, -401.23175, -32.059631</Position>
            </HpRedLight04>
            <HpRedLight05>
               <Orientation type="Matrix">
                   -1.0000000000, -176.81747e-09, -255.05551e-09,
                  -176.81737e-09,   1.0000000000, -404.13778e-09,
                   255.05560e-09, -404.13772e-09,  -1.0000000000
               </Orientation>
               <Position type="Vector">151.1958, 400.82385, 33.290554</Position>
            </HpRedLight05>
            <HpRedLight06>
               <Orientation type="Matrix">
                   -1.0000000000, -176.81747e-09, -255.05551e-09,
                  -176.81737e-09,   1.0000000000, -404.13778e-09,
                   255.05560e-09, -404.13772e-09,  -1.0000000000
               </Orientation>
               <Position type="Vector">-149.66223, 400.82376, 33.290665</Position>
            </HpRedLight06>
            <HpRedLight07>
               <Orientation type="Matrix">
                   -1.0000000000, -176.81747e-09, -255.05551e-09,
                  -176.81737e-09,   1.0000000000, -404.13778e-09,
                   255.05560e-09, -404.13772e-09,  -1.0000000000
               </Orientation>
               <Position type="Vector">-149.66223, 102.31725, 33.290752</Position>
            </HpRedLight07>
            <HpRedLight08>
               <Orientation type="Matrix">
                   -1.0000000000, -176.81747e-09, -255.05551e-09,
                  -176.81737e-09,   1.0000000000, -404.13778e-09,
                   255.05560e-09, -404.13772e-09,  -1.0000000000
               </Orientation>
               <Position type="Vector">151.1958, 102.31734, 33.290638</Position>
            </HpRedLight08>
            <HpRightAnim>
               <Orientation type="Matrix">
                    1.0000000000, -246.70925e-09,  42.518145e-09,
                   246.70925e-09,   1.0000000000,  313.64664e-09,
                  -42.518224e-09, -313.64664e-09,   1.0000000000
               </Orientation>
               <Position type="Vector">-0.041503906, 252.00436, -0.27896467</Position>
            </HpRightAnim>
            <HpRightLane>
               <Orientation type="Matrix">
                    1.0000000000, -246.70925e-09,  42.518145e-09,
                   246.70925e-09,   1.0000000000,  313.64664e-09,
                  -42.518224e-09, -313.64664e-09,   1.0000000000
               </Orientation>
               <Position type="Vector">-0.030883789, 251.99377, -0.27896467</Position>
            </HpRightLane>
            <HpRunningLight01>
               <Orientation type="Matrix">
                    0.7071068900,   0.7071067100,  385.58781e-09,
                   -0.7071067100,   0.7071068900,  135.34972e-09,
                  -176.94509e-09, -368.35846e-09,   1.0000000000
               </Orientation>
               <Position type="Vector">199.18567, 453.46579, 1.0851406</Position>
            </HpRunningLight01>
            <HpRunningLight02>
               <Orientation type="Matrix">
                    0.7071068900,   0.7071067100,  385.58781e-09,
                   -0.7071067100,   0.7071068900,  135.34972e-09,
                  -176.94509e-09, -368.35846e-09,   1.0000000000
               </Orientation>
               <Position type="Vector">-197.2981, 453.46579, 1.0851406</Position>
            </HpRunningLight02>
            <HpRunningLight03>
               <Orientation type="Matrix">
                    0.7071068900,   0.7071067100,  385.58781e-09,
                   -0.7071067100,   0.7071068900,  135.34972e-09,
                  -176.94509e-09, -368.35846e-09,   1.0000000000
               </Orientation>
               <Position type="Vector">196.1394, 51.325291, 1.0851099</Position>
            </HpRunningLight03>
            <HpRunningLight04>
               <Orientation type="Matrix">
                    0.7071068900,   0.7071067100,  385.58781e-09,
                   -0.7071067100,   0.7071068900,  135.34972e-09,
                  -176.94509e-09, -368.35846e-09,   1.0000000000
               </Orientation>
               <Position type="Vector">-196.87219, 51.325291, 1.0851099</Position>
            </HpRunningLight04>
            <HpRunningLight05>
               <Orientation type="Matrix">
                    0.7071068900,   0.7071067100,  385.58781e-09,
                   -0.7071067100,   0.7071068900,  135.34972e-09,
                  -176.94509e-09, -368.35846e-09,   1.0000000000
               </Orientation>
               <Position type="Vector">-197.62219, -50.707573, 1.0850794</Position>
            </HpRunningLight05>
            <HpRunningLight06>
               <Orientation type="Matrix">
                    0.7071068900,   0.7071067100,  385.58781e-09,
                   -0.7071067100,   0.7071068900,  135.34972e-09,
                  -176.94509e-09, -368.35846e-09,   1.0000000000
               </Orientation>
               <Position type="Vector">197.5271, -50.436211, 1.0850796</Position>
            </HpRunningLight06>
            <HpRunningLight07>
               <Orientation type="Matrix">
                    0.7071068900,   0.7071067100,  385.58781e-09,
                   -0.7071067100,   0.7071068900,  135.34972e-09,
                  -176.94509e-09, -368.35846e-09,   1.0000000000
               </Orientation>
               <Position type="Vector">196.97314, -453.93604, 1.0850489</Position>
            </HpRunningLight07>
            <HpRunningLight08>
               <Orientation type="Matrix">
                    0.7071068900,   0.7071067100,  385.58781e-09,
                   -0.7071067100,   0.7071068900,  135.34972e-09,
                  -176.94509e-09, -368.35846e-09,   1.0000000000
               </Orientation>
               <Position type="Vector">-197.40686, -453.93604, 1.0850489</Position>
            </HpRunningLight08>
            <HpShield01>
               <Orientation type="Matrix">
                    1.0000000000,   0.0000000000,   0.0000000000,
                   -0.0000000000,   1.0000000000,  59.604652e-09,
                    0.0000000000, -59.604652e-09,   1.0000000000
               </Orientation>
               <Position type="Vector">152.33191, 104.66731, -0.27898592</Position>
            </HpShield01>
         </Fixed>
         <Revolute>
            <HpTurret_S1_01>
               <Axis type="Vector">0, 1, 0</Axis>
               <Max type="float">6.2831855</Max>
               <Min type="float">-6.2831855</Min>
               <Orientation type="Matrix">
                   -0.7071071900,  148.30286e-09,   0.7071063500,
                    0.7071063500, -104.42195e-09,   0.7071071900,
                   178.70343e-09,   1.0000000000, -31.028375e-09
               </Orientation>
               <Position type="Vector">152.32898, -101.12542, 16.130669</Position>
            </HpTurret_S1_01>
            <HpTurret_S1_02>
               <Axis type="Vector">0, 1, 0</Axis>
               <Max type="float">6.2831855</Max>
               <Min type="float">-6.2831855</Min>
               <Orientation type="Matrix">
                    0.7071071900,  1.7432673e-09,   0.7071064100,
                   -0.7071064100,  25.368157e-09,   0.7071071900,
                  -16.705309e-09,  -1.0000000000,  19.170681e-09
               </Orientation>
               <Position type="Vector">-151.21741, 101.5815, -15.939214</Position>
            </HpTurret_S1_02>
         </Revolute>
      </Hardpoints>
      <VMeshWire include="tlr_lod_3db\tlr_lod.vwd.xml"/>
      <MultiLevel>
         <Level0>
            <VMeshPart>
               <VMeshRef type="VMeshRef">
                  <!-- header size  --> 60,
                  <!-- vmesh lib    --> data.solar.dockable.tlr_lod.lod0-112.vms,
                  <!-- start vert   --> 0,
                  <!-- num verts    --> 2456,
                  <!-- start index  --> 0,
                  <!-- num indices  --> 6336,
                  <!-- start mesh   --> 0,
                  <!-- num meshes   --> 2,
                  <!-- bounding box -->  202.86217,    453.51077,    16.130753,
                                        -201.57942,   -453.40759,   -15.958425,
                  <!-- center       -->    1.5329692,    2.9277215,   0.25544691,
                  <!-- radius       --> 1000000
               </VMeshRef>
            </VMeshPart>
         </Level0>
         <Level1>
            <VMeshPart>
               <VMeshRef type="VMeshRef">
                  <!-- header size  --> 60,
                  <!-- vmesh lib    --> data.solar.dockable.tlr_lod.lod1-112.vms,
                  <!-- start vert   --> 0,
                  <!-- num verts    --> 1640,
                  <!-- start index  --> 0,
                  <!-- num indices  --> 3456,
                  <!-- start mesh   --> 0,
                  <!-- num meshes   --> 2,
                  <!-- bounding box -->  202.86217,    453.51077,    16.130753,
                                        -201.57942,   -453.40759,   -15.958425,
                  <!-- center       -->    1.5329692,    2.9277215,   0.25544691,
                  <!-- radius       --> 497.47162
               </VMeshRef>
            </VMeshPart>
         </Level1>
         <Level2>
            <VMeshPart>
               <VMeshRef type="VMeshRef">
                  <!-- header size  --> 60,
                  <!-- vmesh lib    --> data.solar.dockable.tlr_lod.lod2-112.vms,
                  <!-- start vert   --> 0,
                  <!-- num verts    --> 840,
                  <!-- start index  --> 0,
                  <!-- num indices  --> 1680,
                  <!-- start mesh   --> 0,
                  <!-- num meshes   --> 2,
                  <!-- bounding box -->  202.86217,    453.51077,    16.130753,
                                        -201.57942,   -453.40759,   -15.958425,
                  <!-- center       -->    1.5329692,    2.9277215,   0.25544691,
                  <!-- radius       --> 497.47162
               </VMeshRef>
            </VMeshPart>
         </Level2>
         <Level3>
            <VMeshPart>
               <VMeshRef type="VMeshRef">
                  <!-- header size  --> 60,
                  <!-- vmesh lib    --> data.solar.dockable.tlr_lod.lod3-112.vms,
                  <!-- start vert   --> 0,
                  <!-- num verts    --> 512,
                  <!-- start index  --> 0,
                  <!-- num indices  --> 912,
                  <!-- start mesh   --> 0,
                  <!-- num meshes   --> 2,
                  <!-- bounding box -->  202.86217,    453.51077,    16.130753,
                                        -201.57942,   -453.40759,   -15.958425,
                  <!-- center       -->    1.5329692,    2.9277215,   0.25544691,
                  <!-- radius       --> 497.47162
               </VMeshRef>
            </VMeshPart>
         </Level3>
         <Switch2 type="float array" count="5">
            0,
            100,
            1000,
            10000,
            1000000
         </Switch2>
      </MultiLevel>
   </UTF_ROOT>
</UTFXML>
