<?xml version="1.0" encoding="ISO-8859-1"?>
<!-- XML generated by UTFXML Version 2.2 built 19-Aug-2010 -->
<UTFXML filename="li_plasma_torpedo.3db" path="EQUIPMENT\MODELS\TORPEDOES">
   <UTF_ROOT>
      <VMeshLibrary>
         <data.equipment.models.torpedoes.li_plasma_torpedo.lod0-112.vms include="li_plasma_torpedo_3db\lod0-112.vms.xml"/>
      </VMeshLibrary>
      <Exporter_Version name="Exporter Version" type="text">Aug 24 2002 12:33:14</Exporter_Version>
      <VMeshPart>
         <VMeshRef type="VMeshRef">
            <!-- header size  --> 60,
            <!-- vmesh lib    --> data.equipment.models.torpedoes.li_plasma_torpedo.lod0-112.vms,
            <!-- start vert   --> 0,
            <!-- num verts    --> 288,
            <!-- start index  --> 0,
            <!-- num indices  --> 570,
            <!-- start mesh   --> 0,
            <!-- num meshes   --> 2,
            <!-- bounding box -->   0.19080485,   0.10441971,    0.8925007,
                                   -0.19081271,  -0.1111612,    -0.83021027,
            <!-- center       --> -56.760513e-6, -0.0033621793,  0.032051813,
            <!-- radius       --> 0.86226642
         </VMeshRef>
      </VMeshPart>
      <VMeshWire include="li_plasma_torpedo_3db\li_plasma_torpedo.vwd.xml"/>
      <Hardpoints>
         <Fixed>
            <HpMount>
               <Position type="Vector">-3.8359503e-6, -0.12111689, 0.037668664</Position>
               <Orientation type="Matrix">
                    1.0000000000,  947.31201e-18,  947.31212e-18,
                  -947.31201e-18,   1.0000000000,  1.6420283e-15,
                  -947.31212e-18, -1.6420283e-15,   1.0000000000
               </Orientation>
            </HpMount>
            <HpRunningLight04>
               <Position type="Vector">-0.18177085, -0.10870516, -0.58154935</Position>
               <Orientation type="Matrix">
                    1.0000000000,  947.31201e-18,  947.31212e-18,
                  -947.31201e-18,   1.0000000000,  1.6420283e-15,
                  -947.31212e-18, -1.6420283e-15,   1.0000000000
               </Orientation>
            </HpRunningLight04>
            <HpRunningLight01>
               <Position type="Vector">-0.18177086, 0.098741986, -0.58154929</Position>
               <Orientation type="Matrix">
                    1.0000000000,  947.31201e-18,  947.31212e-18,
                  -947.31201e-18,   1.0000000000,  1.6420283e-15,
                  -947.31212e-18, -1.6420283e-15,   1.0000000000
               </Orientation>
            </HpRunningLight01>
            <HpRunningLight02>
               <Position type="Vector">0.19148773, 0.098742068, -0.58154935</Position>
               <Orientation type="Matrix">
                    1.0000000000,  947.31201e-18,  947.31212e-18,
                  -947.31201e-18,   1.0000000000,  1.6420283e-15,
                  -947.31212e-18, -1.6420283e-15,   1.0000000000
               </Orientation>
            </HpRunningLight02>
            <HpRunningLight03>
               <Position type="Vector">0.19148774, -0.10870513, -0.58154935</Position>
               <Orientation type="Matrix">
                    1.0000000000,  947.31201e-18,  947.31212e-18,
                  -947.31201e-18,   1.0000000000,  1.6420283e-15,
                  -947.31212e-18, -1.6420283e-15,   1.0000000000
               </Orientation>
            </HpRunningLight03>
         </Fixed>
         <Revolute>
            <HpExhaust>
               <Position type="Vector">-3.8037315e-6, -0.0033707714, 0.89250064</Position>
               <Orientation type="Matrix">
                    1.0000000000,  947.31201e-18,  947.31212e-18,
                  -947.31201e-18,   1.0000000000,  1.6420283e-15,
                  -947.31212e-18, -1.6420283e-15,   1.0000000000
               </Orientation>
               <Axis type="Vector">0, 1, 0</Axis>
               <Min type="float">-6.2831855</Min>
               <Max type="float">6.2831855</Max>
            </HpExhaust>
         </Revolute>
      </Hardpoints>
      <Material_library name="Material library">
         <Material_count name="Material count" type="int">2</Material_count>
         <weapon_1>
            <Type type="text">DcDt</Type>
            <Dt_name type="text">weapon_1.tga</Dt_name>
            <Dt_flags type="int">0x40</Dt_flags>
         </weapon_1>
         <weapon_1B>
            <Type type="text">DcDt</Type>
            <Dc type="RGB">0.63137257, 0.69803923, 0.75686282</Dc>
            <Dt_name type="text">weapon_1.tga</Dt_name>
            <Dt_flags type="int">0x40</Dt_flags>
         </weapon_1B>
      </Material_library>
      <Texture_library name="Texture library">
         <weapon_1.tga>
            <MIPS type="file" filename="li_plasma_torpedo_3db\weapon_1.dds"/>
         </weapon_1.tga>
      </Texture_library>
   </UTF_ROOT>
</UTFXML>
