<?xml version="1.0" encoding="ISO-8859-1"?>
<!-- XML generated by UTFXML Version 2.2 built 19-Aug-2010 -->
<UTFXML filename="rh_micro_nuke_torpedo.3db" path="EQUIPMENT\MODELS\TORPEDOES">
   <UTF_ROOT>
      <VMeshLibrary>
         <data.equipment.models.torpedoes.rh_micro_nuke_torpedo.lod0-112.vms include="rh_micro_nuke_torpedo_3db\lod0-112.vms.xml"/>
      </VMeshLibrary>
      <Exporter_Version name="Exporter Version" type="text">Aug 24 2002 12:33:14</Exporter_Version>
      <Hardpoints>
         <Fixed>
            <HpMount>
               <Orientation type="Matrix">
                    1.0000000000,  947.31222e-18,  947.31212e-18,
                  -947.31222e-18,   1.0000000000,  1.6420285e-15,
                  -947.31212e-18, -1.6420285e-15,   1.0000000000
               </Orientation>
               <Position type="Vector">1.908224e-6, -0.11095208, 0.055270746</Position>
            </HpMount>
            <HpRunningLight01>
               <Orientation type="Matrix">
                    1.0000000000,  947.31222e-18,  947.31212e-18,
                  -947.31222e-18,   1.0000000000,  1.6420285e-15,
                  -947.31212e-18, -1.6420285e-15,   1.0000000000
               </Orientation>
               <Position type="Vector">957.97054e-9, 0.094964847, 0.33945018</Position>
            </HpRunningLight01>
            <HpRunningLight02>
               <Orientation type="Matrix">
                    1.0000000000,  947.31222e-18,  947.31212e-18,
                  -947.31222e-18,   1.0000000000,  1.6420285e-15,
                  -947.31212e-18, -1.6420285e-15,   1.0000000000
               </Orientation>
               <Position type="Vector">966.30095e-9, -0.095612161, 0.33945018</Position>
            </HpRunningLight02>
            <HpRunningLight03>
               <Orientation type="Matrix">
                    1.0000000000,  947.31222e-18,  947.31212e-18,
                  -947.31222e-18,   1.0000000000,  1.6420285e-15,
                  -947.31212e-18, -1.6420285e-15,   1.0000000000
               </Orientation>
               <Position type="Vector">924.06839e-9, -0.095612146, -0.62671804</Position>
            </HpRunningLight03>
            <HpRunningLight04>
               <Orientation type="Matrix">
                    1.0000000000,  947.31222e-18,  947.31212e-18,
                  -947.31222e-18,   1.0000000000,  1.6420285e-15,
                  -947.31212e-18, -1.6420285e-15,   1.0000000000
               </Orientation>
               <Position type="Vector">915.73804e-9, 0.094964862, -0.62671804</Position>
            </HpRunningLight04>
         </Fixed>
         <Revolute>
            <HpExhaust>
               <Axis type="Vector">0, 1, 0</Axis>
               <Max type="float">6.2831855</Max>
               <Min type="float">-6.2831855</Min>
               <Orientation type="Matrix">
                    1.0000000000,  947.31222e-18,  947.31212e-18,
                  -947.31222e-18,   1.0000000000,  1.6420285e-15,
                  -947.31212e-18, -1.6420285e-15,   1.0000000000
               </Orientation>
               <Position type="Vector">502.52953e-9, -0.0026568489, 0.73131418</Position>
            </HpExhaust>
         </Revolute>
      </Hardpoints>
      <VMeshPart>
         <VMeshRef type="VMeshRef">
            <!-- header size  --> 60,
            <!-- vmesh lib    --> data.equipment.models.torpedoes.rh_micro_nuke_torpedo.lod0-112.vms,
            <!-- start vert   --> 0,
            <!-- num verts    --> 234,
            <!-- start index  --> 0,
            <!-- num indices  --> 348,
            <!-- start mesh   --> 0,
            <!-- num meshes   --> 2,
            <!-- bounding box -->    0.12187754,   0.1055494,     0.73131418,
                                    -0.12187811,  -0.10554919,   -0.73131382,
            <!-- center       --> -166.45037e-6, 127.40002e-6, -275.48947e-6,
            <!-- radius       --> 0.73701829
         </VMeshRef>
      </VMeshPart>
      <VMeshWire include="rh_micro_nuke_torpedo_3db\rh_micro_nuke_torpedo.vwd.xml"/>
   </UTF_ROOT>
</UTFXML>
