<?xml version="1.0" encoding="ISO-8859-1"?>
<!-- XML generated by UTFXML Version 2.2 built 19-Aug-2010 -->
<UTFXML filename="custom_bar.3db" path="BASES\Custom">
   <UTF_ROOT>
      <VMeshLibrary>
         <Root.lod0-112.vms include="custom_bar_3db\lod0-112.vms.xml"/>
      </VMeshLibrary>
      <VMeshPart>
         <VMeshRef type="VMeshRef">
            <!-- header size  --> 60,
            <!-- vmesh lib    --> Root.lod0-112.vms,
            <!-- start vert   --> 0,
            <!-- num verts    --> 3594,
            <!-- start index  --> 0,
            <!-- num indices  --> 5040,
            <!-- start mesh   --> 0,
            <!-- num meshes   --> 17,
            <!-- bounding box -->  12.050602,    4.0143576,    12.505316,
                                  -11.345589,   -0.024801135, -10.502542,
            <!-- center       -->   0.35250664,  1.9947782,     1.0013866,
            <!-- radius       --> 16.530714
         </VMeshRef>
      </VMeshPart>
      <Material_library name="Material library">
         <Pol_mat>
            <Dt_flags type="int">0x40</Dt_flags>
            <Dt_name type="text">Pol_mat.tga</Dt_name>
            <Type type="text">DcDt</Type>
         </Pol_mat>
         <Potolok_mat>
            <Dt_flags type="int">0x40</Dt_flags>
            <Dt_name type="text">Potolok_mat.tga</Dt_name>
            <Type type="text">DcDt</Type>
         </Potolok_mat>
         <Stena_mat>
            <Dt_flags type="int">0x40</Dt_flags>
            <Dt_name type="text">Stena_mat.tga</Dt_name>
            <Type type="text">DcDt</Type>
         </Stena_mat>
         <Door_mat>
            <Dt_flags type="int">0x40</Dt_flags>
            <Dt_name type="text">Door_mat.tga</Dt_name>
            <Type type="text">DcDt</Type>
         </Door_mat>
         <St_bar>
            <Dt_flags type="int">0x40</Dt_flags>
            <Dt_name type="text">St_bar.tga</Dt_name>
            <Type type="text">DcDt</Type>
         </St_bar>
         <TV-mat>
            <Dt_flags type="int">0x40</Dt_flags>
            <Dt_name type="text">TV-mat.tga</Dt_name>
            <Type type="text">DcDtEt</Type>
            <Et_name type="text">TV-mat.tga</Et_name>
         </TV-mat>
         <Bar>
            <Dt_flags type="int">0x40</Dt_flags>
            <Dt_name type="text">Bar.tga</Dt_name>
            <Type type="text">DcDtEt</Type>
            <Et_name type="text">Bar.tga</Et_name>
         </Bar>
         <Material_count name="Material count" type="int">7</Material_count>
      </Material_library>
      <Texture_library name="Texture library">
         <Pol_mat.tga>
            <MIPS type="file" filename="custom_bar_3db\Pol_mat.dds"/>
         </Pol_mat.tga>
         <Potolok_mat.tga>
            <MIP0 type="file" filename="custom_bar_3db\Potolok_mat_mip0.tga"/>
         </Potolok_mat.tga>
         <Stena_mat.tga>
            <MIPS type="file" filename="custom_bar_3db\Stena_mat.dds"/>
         </Stena_mat.tga>
         <Door_mat.tga>
            <MIP0 type="file" filename="custom_bar_3db\Door_mat_mip0.tga"/>
         </Door_mat.tga>
         <St_bar.tga>
            <MIP0 type="file" filename="custom_bar_3db\St_bar_mip0.tga"/>
         </St_bar.tga>
         <TV-mat.tga>
            <MIP0 type="file" filename="custom_bar_3db\TV-mat_mip0.tga"/>
         </TV-mat.tga>
         <Bar.tga>
            <MIP0 type="file" filename="custom_bar_3db\Bar_mip0.tga"/>
         </Bar.tga>
      </Texture_library>
      <Hardpoints>
         <Fixed>
            <HpR01>
               <Orientation type="Matrix">
                   -0.9993908400,  -0.0348994510,  -0.0000000000,
                    0.0348994510,  -0.9993908400,   0.0000000000,
                    0.0000000000,  -0.0000000000,   1.0000000000
               </Orientation>
               <Position type="Vector">0, 3.95, 0</Position>
            </HpR01>
            <HpR02>
               <Orientation type="Matrix">
                   -0.9993908400,  -0.0348994510,  -0.0000000000,
                    0.0348994510,  -0.9993908400,   0.0000000000,
                    0.0000000000,  -0.0000000000,   1.0000000000
               </Orientation>
               <Position type="Vector">0, 3.95, 1.35</Position>
            </HpR02>
            <HpR03>
               <Orientation type="Matrix">
                   -0.9993908400,  -0.0348994510,  -0.0000000000,
                    0.0348994510,  -0.9993908400,   0.0000000000,
                    0.0000000000,  -0.0000000000,   1.0000000000
               </Orientation>
               <Position type="Vector">0, 3.95, -1.3</Position>
            </HpR03>
            <HpR04>
               <Orientation type="Matrix">
                   -0.9993908400,  -0.0348994510,  -0.0000000000,
                    0.0348994510,  -0.9993908400,   0.0000000000,
                    0.0000000000,  -0.0000000000,   1.0000000000
               </Orientation>
               <Position type="Vector">0, 3.95, -2.6</Position>
            </HpR04>
            <HpR05>
               <Orientation type="Matrix">
                   -0.9993908400,  -0.0348994510,  -0.0000000000,
                    0.0348994510,  -0.9993908400,   0.0000000000,
                    0.0000000000,  -0.0000000000,   1.0000000000
               </Orientation>
               <Position type="Vector">0, 3.95, -4</Position>
            </HpR05>
            <HpR06>
               <Orientation type="Matrix">
                   -0.9993908400,  -0.0348994510,  -0.0000000000,
                    0.0348994510,  -0.9993908400,   0.0000000000,
                    0.0000000000,  -0.0000000000,   1.0000000000
               </Orientation>
               <Position type="Vector">0, 3.95, -5.35</Position>
            </HpR06>
            <HpR07>
               <Orientation type="Matrix">
                   -0.9993908400,  -0.0348994510,  -0.0000000000,
                    0.0348994510,  -0.9993908400,   0.0000000000,
                    0.0000000000,  -0.0000000000,   1.0000000000
               </Orientation>
               <Position type="Vector">0, 3.95, 2.7</Position>
            </HpR07>
            <HpR08>
               <Orientation type="Matrix">
                   -0.9993908400,  -0.0348994510,  -0.0000000000,
                    0.0348994510,  -0.9993908400,   0.0000000000,
                    0.0000000000,  -0.0000000000,   1.0000000000
               </Orientation>
               <Position type="Vector">0, 3.95, 4.05</Position>
            </HpR08>
            <HpR09>
               <Orientation type="Matrix">
                   -0.9993908400,  -0.0348994510,  -0.0000000000,
                    0.0348994510,  -0.9993908400,   0.0000000000,
                    0.0000000000,  -0.0000000000,   1.0000000000
               </Orientation>
               <Position type="Vector">0, 3.95, 5.4</Position>
            </HpR09>
            <HpRunningLight01>
               <Orientation type="Matrix">
                    1.0000000000,   0.0000000000,   0.0000000000,
                    0.0000000000,   1.0000000000,   0.0000000000,
                    0.0000000000,   0.0000000000,   1.0000000000
               </Orientation>
               <Position type="Vector">0, 0, 0</Position>
            </HpRunningLight01>
            <HpRunningLight02>
               <Orientation type="Matrix">
                    1.0000000000,   0.0000000000,   0.0000000000,
                    0.0000000000,   1.0000000000,   0.0000000000,
                    0.0000000000,   0.0000000000,   1.0000000000
               </Orientation>
               <Position type="Vector">0, 0, 0</Position>
            </HpRunningLight02>
            <HpR10>
               <Orientation type="Matrix">
                   -1.0000000000, -87.422777e-09,   0.0000000000,
                   87.422777e-09,  -1.0000000000,  -0.0000000000,
                    0.0000000000,   0.0000000000,   1.0000000000
               </Orientation>
               <Position type="Vector">0, 3.95, 6.7</Position>
            </HpR10>
            <HpR11>
               <Orientation type="Matrix">
                   -1.0000000000, -87.422777e-09,   0.0000000000,
                   87.422777e-09,  -1.0000000000,  -0.0000000000,
                    0.0000000000,   0.0000000000,   1.0000000000
               </Orientation>
               <Position type="Vector">0, 3.95, -5.3</Position>
            </HpR11>
            <HpR12>
               <Orientation type="Matrix">
                   -1.0000000000, -87.422777e-09,   0.0000000000,
                   87.422777e-09,  -1.0000000000,  -0.0000000000,
                    0.0000000000,   0.0000000000,   1.0000000000
               </Orientation>
               <Position type="Vector">0, 3.95, -6.7</Position>
            </HpR12>
            <HpR13>
               <Orientation type="Matrix">
                   -1.0000000000, -87.422777e-09,   0.0000000000,
                   87.422777e-09,  -1.0000000000,  -0.0000000000,
                    0.0000000000,   0.0000000000,   1.0000000000
               </Orientation>
               <Position type="Vector">0, 3.95, -8</Position>
            </HpR13>
            <HpR14>
               <Orientation type="Matrix">
                   -1.0000000000, -87.422777e-09,   0.0000000000,
                   87.422777e-09,  -1.0000000000,  -0.0000000000,
                    0.0000000000,   0.0000000000,   1.0000000000
               </Orientation>
               <Position type="Vector">-3.2, 3.95, 0</Position>
            </HpR14>
            <HpR15>
               <Orientation type="Matrix">
                   -1.0000000000, -87.422777e-09,   0.0000000000,
                   87.422777e-09,  -1.0000000000,  -0.0000000000,
                    0.0000000000,   0.0000000000,   1.0000000000
               </Orientation>
               <Position type="Vector">-3.2, 3.95, 1.35</Position>
            </HpR15>
            <HpR16>
               <Orientation type="Matrix">
                   -1.0000000000, -87.422777e-09,   0.0000000000,
                   87.422777e-09,  -1.0000000000,  -0.0000000000,
                    0.0000000000,   0.0000000000,   1.0000000000
               </Orientation>
               <Position type="Vector">-3.2, 3.95, -1.3</Position>
            </HpR16>
            <HpR17>
               <Orientation type="Matrix">
                   -1.0000000000, -87.422777e-09,   0.0000000000,
                   87.422777e-09,  -1.0000000000,  -0.0000000000,
                    0.0000000000,   0.0000000000,   1.0000000000
               </Orientation>
               <Position type="Vector">-3.2, 3.95, -2.6</Position>
            </HpR17>
            <HpR18>
               <Orientation type="Matrix">
                   -1.0000000000, -87.422777e-09,   0.0000000000,
                   87.422777e-09,  -1.0000000000,  -0.0000000000,
                    0.0000000000,   0.0000000000,   1.0000000000
               </Orientation>
               <Position type="Vector">-3.2, 3.95, -4</Position>
            </HpR18>
            <HpR19>
               <Orientation type="Matrix">
                   -1.0000000000, -87.422777e-09,   0.0000000000,
                   87.422777e-09,  -1.0000000000,  -0.0000000000,
                    0.0000000000,   0.0000000000,   1.0000000000
               </Orientation>
               <Position type="Vector">-3.2, 3.95, -5.35</Position>
            </HpR19>
            <HpR20>
               <Orientation type="Matrix">
                   -1.0000000000, -87.422777e-09,   0.0000000000,
                   87.422777e-09,  -1.0000000000,  -0.0000000000,
                    0.0000000000,   0.0000000000,   1.0000000000
               </Orientation>
               <Position type="Vector">-3.2, 3.95, 2.7</Position>
            </HpR20>
            <HpR21>
               <Orientation type="Matrix">
                   -1.0000000000, -87.422777e-09,   0.0000000000,
                   87.422777e-09,  -1.0000000000,  -0.0000000000,
                    0.0000000000,   0.0000000000,   1.0000000000
               </Orientation>
               <Position type="Vector">-3.2, 3.95, 4.05</Position>
            </HpR21>
            <HpR22>
               <Orientation type="Matrix">
                   -1.0000000000, -87.422777e-09,   0.0000000000,
                   87.422777e-09,  -1.0000000000,  -0.0000000000,
                    0.0000000000,   0.0000000000,   1.0000000000
               </Orientation>
               <Position type="Vector">-3.2, 3.95, 5.4</Position>
            </HpR22>
            <HpR23>
               <Orientation type="Matrix">
                   -1.0000000000, -87.422777e-09,   0.0000000000,
                   87.422777e-09,  -1.0000000000,  -0.0000000000,
                    0.0000000000,   0.0000000000,   1.0000000000
               </Orientation>
               <Position type="Vector">-3.2, 3.95, 6.7</Position>
            </HpR23>
            <HpR24>
               <Orientation type="Matrix">
                   -1.0000000000, -87.422777e-09,   0.0000000000,
                   87.422777e-09,  -1.0000000000,  -0.0000000000,
                    0.0000000000,   0.0000000000,   1.0000000000
               </Orientation>
               <Position type="Vector">-3.2, 3.95, 8</Position>
            </HpR24>
            <HpR25>
               <Orientation type="Matrix">
                   -0.9998476500,  -0.0174524580,  -0.0000000000,
                    0.0174524580,  -0.9998476500,   0.0000000000,
                    0.0000000000,  -0.0000000000,   1.0000000000
               </Orientation>
               <Position type="Vector">-3.2, 3.95, -6.7</Position>
            </HpR25>
         </Fixed>
      </Hardpoints>
   </UTF_ROOT>
</UTFXML>
