<?xml version="1.0" encoding="ISO-8859-1"?>
<!-- XML generated by UTFXML Version 2.2 built 19-Aug-2010 -->
<UTFXML filename="no2_battleship.3db" path="SHIPS\NOMAD\NO2_BATTLESHIP">
   <UTF_ROOT>
      <Exporter_Version name="Exporter Version" type="text">LancerEdit Collada Importer 2018</Exporter_Version>
      <VMeshLibrary>
         <New_Marduk-Root.lod0.274.vms include="no2_battleship_3db\lod0.274.vms.xml"/>
      </VMeshLibrary>
      <VMeshPart>
         <VMeshRef type="VMeshRef">
            <!-- header size  --> 60,
            <!-- vmesh lib    --> New_Marduk-Root.lod0.274.vms,
            <!-- start vert   --> 0,
            <!-- num verts    --> 6258,
            <!-- start index  --> 0,
            <!-- num indices  --> 24210,
            <!-- start mesh   --> 0,
            <!-- num meshes   --> 4,
            <!-- bounding box -->  40.067131,      46.265518,  203.19659,
                                  -40.067123,     -39.957878, -203.03189,
            <!-- center       -->   3.8146973e-6,   3.15382,     0.082351685,
            <!-- radius       --> 265.26736
         </VMeshRef>
      </VMeshPart>
      <Hardpoints>
         <Fixed>
            <HpEngine01>
               <Orientation type="Matrix">
                    1.0000000000,   0.0000000000,   0.0000000000,
                    0.0000000000,   1.0000000000,   0.0000000000,
                    0.0000000000,   0.0000000000,   1.0000000000
               </Orientation>
               <Position type="Vector">0, 0, 195</Position>
            </HpEngine01>
            <HpFX01>
               <Orientation type="Matrix">
                   -1.0000000000, -83.144009e-09,  27.015126e-09,
                   87.422784e-09,  -0.9510566000,   0.3090170300,
                    0.0000000000,   0.3090170300,   0.9510564800
               </Orientation>
               <Position type="Vector">0, -36.09375, 12.75675</Position>
            </HpFX01>
            <HpFX02>
               <Orientation type="Matrix">
                    0.5000000000,  -0.8236390900,   0.2676166000,
                    0.8660253900,   0.4755282100,  -0.1545085000,
                    0.0000000000,   0.3090170300,   0.9510564800
               </Orientation>
               <Position type="Vector">-31.258501, 18.047249, 12.75675</Position>
            </HpFX02>
            <HpFX03>
               <Orientation type="Matrix">
                    0.5000000000,   0.8236390900,  -0.2676166000,
                   -0.8660253900,   0.4755282100,  -0.1545085000,
                    0.0000000000,   0.3090170300,   0.9510564800
               </Orientation>
               <Position type="Vector">31.258501, 18.047249, 12.75675</Position>
            </HpFX03>
            <HpFX04>
               <Orientation type="Matrix">
                    1.0000000000,   0.0000000000,  -0.0000000000,
                   -0.0000000000,   0.9799246800,  -0.1993679300,
                    0.0000000000,   0.1993679300,   0.9799246800
               </Orientation>
               <Position type="Vector">0, 39.681, 116.80125</Position>
            </HpFX04>
            <HpFX05>
               <Orientation type="Matrix">
                    0.5000000000,   0.8486396700,  -0.1726576800,
                   -0.8660253900,   0.4899623100,  -0.0996839550,
                    0.0000000000,   0.1993679300,   0.9799246800
               </Orientation>
               <Position type="Vector">34.364998, 19.8405, 116.80125</Position>
            </HpFX05>
            <HpFX06>
               <Orientation type="Matrix">
                   -0.5000001200,   0.8486396100,  -0.1726576700,
                   -0.8660253300,  -0.4899624600,   0.0996839850,
                    0.0000000000,   0.1993679300,   0.9799246800
               </Orientation>
               <Position type="Vector">34.364998, -19.8405, 116.80125</Position>
            </HpFX06>
            <HpFX07>
               <Orientation type="Matrix">
                   -1.0000000000, -85.667743e-09,  17.429297e-09,
                   87.422784e-09,  -0.9799248000,   0.1993679300,
                  -888.17842e-18,   0.1993679300,   0.9799246800
               </Orientation>
               <Position type="Vector">0, -39.681, 116.80125</Position>
            </HpFX07>
            <HpFX08>
               <Orientation type="Matrix">
                   -0.5000001200,  -0.8486396100,   0.1726576700,
                    0.8660253300,  -0.4899624600,   0.0996839850,
                    0.0000000000,   0.1993679300,   0.9799246800
               </Orientation>
               <Position type="Vector">-34.364998, -19.8405, 116.80125</Position>
            </HpFX08>
            <HpFX09>
               <Orientation type="Matrix">
                    0.5000000000,  -0.8486396700,   0.1726576800,
                    0.8660253900,   0.4899623100,  -0.0996839550,
                    0.0000000000,   0.1993679300,   0.9799246800
               </Orientation>
               <Position type="Vector">-34.364998, 19.8405, 116.80125</Position>
            </HpFX09>
            <HpShield01>
               <Orientation type="Matrix">
                    1.0000000000,   0.0000000000,   0.0000000000,
                    0.0000000000,   1.0000000000,   0.0000000000,
                    0.0000000000,   0.0000000000,   1.0000000000
               </Orientation>
               <Position type="Vector">0, 0, 11.8125</Position>
            </HpShield01>
            <HpCloak01>
               <Orientation type="Matrix">
                    1.0000000000,   0.0000000000,   0.0000000000,
                    0.0000000000,   1.0000000000,   0.0000000000,
                    0.0000000000,   0.0000000000,   1.0000000000
               </Orientation>
               <Position type="Vector">0, 0, 11.8125</Position>
            </HpCloak01>
            <HpTractor_Source01>
               <Orientation type="Matrix">
                    1.0000000000,   0.0000000000,   0.0000000000,
                    0.0000000000,   1.0000000000,   0.0000000000,
                    0.0000000000,   0.0000000000,   1.0000000000
               </Orientation>
               <Position type="Vector">0, 0, -186</Position>
            </HpTractor_Source01>
            <HpMount>
               <Orientation type="Matrix">
                    1.0000000000,   0.0000000000,   0.0000000000,
                    0.0000000000,   1.0000000000,   0.0000000000,
                    0.0000000000,   0.0000000000,   1.0000000000
               </Orientation>
               <Position type="Vector">0, -4.1296577, 0</Position>
            </HpMount>
            <HpCockpit>
               <Orientation type="Matrix">
                    1.0000000000,   0.0000000000,   0.0000000000,
                    0.0000000000,   1.0000000000,   0.0000000000,
                    0.0000000000,   0.0000000000,   1.0000000000
               </Orientation>
               <Position type="Vector">0, 0, -176.25</Position>
            </HpCockpit>
            <HpCockpitEx>
               <Orientation type="Matrix">
                    1.0000000000,   0.0000000000,   0.0000000000,
                    0.0000000000,   1.0000000000,   0.0000000000,
                    0.0000000000,   0.0000000000,   1.0000000000
               </Orientation>
               <Position type="Vector">0, 37.5, 262.5</Position>
            </HpCockpitEx>
            <HpCM01>
               <Orientation type="Matrix">
                   -0.9999998800, -61.817232e-09, -61.817232e-09,
                   87.422777e-09,  -0.7071067100,  -0.7071067700,
                    0.0000000000,  -0.7071067700,   0.7071068300
               </Orientation>
               <Position type="Vector">0, 0, 201</Position>
            </HpCM01>
            <HpCM02>
               <Orientation type="Matrix">
                    1.0000000000,   0.0000000000,   0.0000000000,
                    0.0000000000,   1.0000000000,   0.0000000000,
                    0.0000000000,   0.0000000000,   1.0000000000
               </Orientation>
               <Position type="Vector">0, 0, 201</Position>
            </HpCM02>
            <HpRunningLight01>
               <Orientation type="Matrix">
                    1.0000000000,   0.0000000000,  -0.0000000000,
                   -0.0000000000,   0.2588191600,  -0.9659256900,
                    0.0000000000,   0.9659256900,   0.2588191600
               </Orientation>
               <Position type="Vector">0, 24.280876, -82.650375</Position>
            </HpRunningLight01>
            <HpRunningLight02>
               <Orientation type="Matrix">
                    0.5000000000,  -0.2241438900,   0.8365161400,
                    0.8660253300,   0.1294097000,  -0.4829627900,
                  -29.802322e-09,   0.9659256300,   0.2588192200
               </Orientation>
               <Position type="Vector">-21.027939, 12.140438, -82.650375</Position>
            </HpRunningLight02>
            <HpRunningLight03>
               <Orientation type="Matrix">
                   -0.5000000000,  -0.2241438300,   0.8365161400,
                    0.8660252100,  -0.1294094900,   0.4829630300,
                    0.0000000000,   0.9659257500,   0.2588191600
               </Orientation>
               <Position type="Vector">-21.027939, -12.140438, -82.650375</Position>
            </HpRunningLight03>
            <HpRunningLight04>
               <Orientation type="Matrix">
                   -0.9999998200,  22.626683e-09, -84.443904e-09,
                  -87.422762e-09,  -0.2588189800,   0.9659256900,
                    0.0000000000,   0.9659256900,   0.2588191600
               </Orientation>
               <Position type="Vector">0, -24.280876, -82.650375</Position>
            </HpRunningLight04>
            <HpRunningLight05>
               <Orientation type="Matrix">
                   -0.5000000000,   0.2241438300,  -0.8365161400,
                   -0.8660252100,  -0.1294094900,   0.4829630300,
                    0.0000000000,   0.9659257500,   0.2588191600
               </Orientation>
               <Position type="Vector">21.027939, -12.140438, -82.650375</Position>
            </HpRunningLight05>
            <HpRunningLight06>
               <Orientation type="Matrix">
                    0.5000000000,   0.2241438900,  -0.8365161400,
                   -0.8660253300,   0.1294097000,  -0.4829627900,
                   29.802322e-09,   0.9659256300,   0.2588192200
               </Orientation>
               <Position type="Vector">21.027939, 12.140438, -82.650375</Position>
            </HpRunningLight06>
            <HpRunningLight07>
               <Orientation type="Matrix">
                    1.0000000000,   0.0000000000,  -0.0000000000,
                   -0.0000000000,   0.1391730900,  -0.9902681100,
                    0.0000000000,   0.9902681100,   0.1391730900
               </Orientation>
               <Position type="Vector">0, 27.831375, -67.105118</Position>
            </HpRunningLight07>
            <HpRunningLight08>
               <Orientation type="Matrix">
                    0.5000000000,  -0.1205274500,   0.8575972900,
                    0.8660253900,   0.0695866050,  -0.4951339700,
                    0.0000000000,   0.9902679900,   0.1391731600
               </Orientation>
               <Position type="Vector">-24.103123, 13.91625, -67.105118</Position>
            </HpRunningLight08>
            <HpRunningLight09>
               <Orientation type="Matrix">
                   -0.5000001800,  -0.1205274200,   0.8575972300,
                    0.8660253300,  -0.0695866350,   0.4951341500,
                   29.802322e-09,   0.9902681100,   0.1391730900
               </Orientation>
               <Position type="Vector">-24.103123, -13.91625, -67.105118</Position>
            </HpRunningLight09>
            <HpRunningLight10>
               <Orientation type="Matrix">
                   -1.0000000000,  12.166904e-09, -86.571987e-09,
                  -87.422777e-09,  -0.1391731500,   0.9902681100,
                    0.0000000000,   0.9902681100,   0.1391730900
               </Orientation>
               <Position type="Vector">0, -27.831936, -67.105118</Position>
            </HpRunningLight10>
            <HpRunningLight11>
               <Orientation type="Matrix">
                   -0.5000001800,   0.1205274200,  -0.8575972300,
                   -0.8660253300,  -0.0695866350,   0.4951341500,
                  -29.802322e-09,   0.9902681100,   0.1391730900
               </Orientation>
               <Position type="Vector">24.103123, -13.91625, -67.105118</Position>
            </HpRunningLight11>
            <HpRunningLight12>
               <Orientation type="Matrix">
                    0.5000000000,   0.1205274500,  -0.8575972900,
                   -0.8660253900,   0.0695866050,  -0.4951339700,
                    0.0000000000,   0.9902679900,   0.1391731600
               </Orientation>
               <Position type="Vector">24.103123, 13.91625, -67.105118</Position>
            </HpRunningLight12>
            <HpRunningLight13>
               <Orientation type="Matrix">
                    1.0000000000,   0.0000000000,  -0.0000000000,
                   -0.0000000000,  -0.3420201500,  -0.9396926800,
                    0.0000000000,   0.9396926800,  -0.3420201500
               </Orientation>
               <Position type="Vector">0, 20.648251, 112.15181</Position>
            </HpRunningLight13>
            <HpRunningLight14>
               <Orientation type="Matrix">
                    0.5000000000,   0.2961981600,   0.8137977100,
                    0.8660254500,  -0.1710101200,  -0.4698463100,
                    0.0000000000,   0.9396926800,  -0.3420201800
               </Orientation>
               <Position type="Vector">-17.881876, 10.324125, 112.15181</Position>
            </HpRunningLight14>
            <HpRunningLight15>
               <Orientation type="Matrix">
                   -0.5000002400,   0.2961981000,   0.8137976500,
                    0.8660253300,   0.1710101100,   0.4698464300,
                  -59.604645e-09,   0.9396926800,  -0.3420202100
               </Orientation>
               <Position type="Vector">-17.881876, -10.324125, 112.15181</Position>
            </HpRunningLight15>
            <HpRunningLight16>
               <Orientation type="Matrix">
                   -1.0000000000, -29.900349e-09, -82.150542e-09,
                  -87.422784e-09,   0.3420200900,   0.9396926800,
                    0.0000000000,   0.9396926800,  -0.3420201500
               </Orientation>
               <Position type="Vector">0, -20.648251, 112.15181</Position>
            </HpRunningLight16>
            <HpRunningLight17>
               <Orientation type="Matrix">
                   -0.5000002400,  -0.2961981000,  -0.8137976500,
                   -0.8660253300,   0.1710101100,   0.4698464300,
                   59.604645e-09,   0.9396926800,  -0.3420202100
               </Orientation>
               <Position type="Vector">17.881876, -10.324125, 112.15181</Position>
            </HpRunningLight17>
            <HpRunningLight18>
               <Orientation type="Matrix">
                    0.5000000000,  -0.2961981600,  -0.8137977100,
                   -0.8660254500,  -0.1710101200,  -0.4698463100,
                    0.0000000000,   0.9396926800,  -0.3420201800
               </Orientation>
               <Position type="Vector">17.881876, 10.324125, 112.15181</Position>
            </HpRunningLight18>
            <HpSpecialEquipment01>
               <Position type="Vector">0, -4.1296577, 0</Position>
               <Orientation type="Matrix">
                    1.0000000000,   0.0000000000,   0.0000000000,
                    0.0000000000,   1.0000000000,   0.0000000000,
                    0.0000000000,   0.0000000000,   1.0000000000
               </Orientation>
            </HpSpecialEquipment01>
            <HpSpecialEquipment02>
               <Position type="Vector">0, -4.1296577, 0</Position>
               <Orientation type="Matrix">
                    1.0000000000,   0.0000000000,   0.0000000000,
                    0.0000000000,   1.0000000000,   0.0000000000,
                    0.0000000000,   0.0000000000,   1.0000000000
               </Orientation>
            </HpSpecialEquipment02>
            <HpSpecialEquipment03>
               <Position type="Vector">0, -4.1296577, 0</Position>
               <Orientation type="Matrix">
                    1.0000000000,   0.0000000000,   0.0000000000,
                    0.0000000000,   1.0000000000,   0.0000000000,
                    0.0000000000,   0.0000000000,   1.0000000000
               </Orientation>
            </HpSpecialEquipment03>
            <HpSpecialEquipment04>
               <Position type="Vector">0, -4.1296577, 0</Position>
               <Orientation type="Matrix">
                    1.0000000000,   0.0000000000,   0.0000000000,
                    0.0000000000,   1.0000000000,   0.0000000000,
                    0.0000000000,   0.0000000000,   1.0000000000
               </Orientation>
            </HpSpecialEquipment04>
            <HpSpecialEquipment05>
               <Position type="Vector">0, -4.1296577, 0</Position>
               <Orientation type="Matrix">
                    1.0000000000,   0.0000000000,   0.0000000000,
                    0.0000000000,   1.0000000000,   0.0000000000,
                    0.0000000000,   0.0000000000,   1.0000000000
               </Orientation>
            </HpSpecialEquipment05>
            <HpSpecialEquipment06>
               <Position type="Vector">0, -4.1296577, 0</Position>
               <Orientation type="Matrix">
                    1.0000000000,   0.0000000000,   0.0000000000,
                    0.0000000000,   1.0000000000,   0.0000000000,
                    0.0000000000,   0.0000000000,   1.0000000000
               </Orientation>
            </HpSpecialEquipment06>
            <HpSpecialEquipment07>
               <Position type="Vector">0, -4.1296577, 0</Position>
               <Orientation type="Matrix">
                    1.0000000000,   0.0000000000,   0.0000000000,
                    0.0000000000,   1.0000000000,   0.0000000000,
                    0.0000000000,   0.0000000000,   1.0000000000
               </Orientation>
            </HpSpecialEquipment07>
            <HpSpecialEquipment08>
               <Position type="Vector">0, -4.1296577, 0</Position>
               <Orientation type="Matrix">
                    1.0000000000,   0.0000000000,   0.0000000000,
                    0.0000000000,   1.0000000000,   0.0000000000,
                    0.0000000000,   0.0000000000,   1.0000000000
               </Orientation>
            </HpSpecialEquipment08>
            <HpBayDoor01>
               <Orientation type="Matrix">
                    1.0000000000,   0.0000000000,   0.0000000000,
                    0.0000000000,   1.0000000000,   0.0000000000,
                    0.0000000000,   0.0000000000,   1.0000000000
               </Orientation>
               <Position type="Vector">0, -22.5, 0</Position>
            </HpBayDoor01>
            <HpBayDoor02>
               <Orientation type="Matrix">
                    1.0000000000,   0.0000000000,   0.0000000000,
                    0.0000000000,   1.0000000000,   0.0000000000,
                    0.0000000000,   0.0000000000,   1.0000000000
               </Orientation>
               <Position type="Vector">0, -23.25, 0</Position>
            </HpBayDoor02>
            <HpShield02>
               <Orientation type="Matrix">
                    1.0000000000,   0.0000000000,   0.0000000000,
                    0.0000000000,   1.0000000000,   0.0000000000,
                    0.0000000000,   0.0000000000,   1.0000000000
               </Orientation>
               <Position type="Vector">0, 0, 0</Position>
            </HpShield02>
            <HpShield03>
               <Orientation type="Matrix">
                    1.0000000000,   0.0000000000,   0.0000000000,
                    0.0000000000,   1.0000000000,   0.0000000000,
                    0.0000000000,   0.0000000000,   1.0000000000
               </Orientation>
               <Position type="Vector">0, 0, 0</Position>
            </HpShield03>
         </Fixed>
         <Revolute>
            <HpTurret01>
               <Axis type="Vector">0, 1, 0</Axis>
               <Max type="float">6.2831855</Max>
               <Min type="float">-6.2831855</Min>
               <Orientation type="Matrix">
                    1.0000000000,   0.0000000000,   0.0000000000,
                    0.0000000000,   0.9563047900,   0.2923716900,
                    0.0000000000,  -0.2923716900,   0.9563047900
               </Orientation>
               <Position type="Vector">-0.00592, 30.265606, -109.4188</Position>
            </HpTurret01>
            <HpTurret02>
               <Axis type="Vector">0, 1, 0</Axis>
               <Max type="float">6.2831855</Max>
               <Min type="float">-6.2831855</Min>
               <Orientation type="Matrix">
                    0.4775267200,  -0.8376072600,  -0.2652967600,
                    0.8406070500,   0.5233950600,  -0.1394180400,
                    0.2556325800,  -0.1564344800,   0.9540336700
               </Orientation>
               <Position type="Vector">-26.205149, 15.138953, -109.42319</Position>
            </HpTurret02>
            <HpTurret03>
               <Axis type="Vector">0, 1, 0</Axis>
               <Max type="float">6.2831855</Max>
               <Min type="float">-6.2831855</Min>
               <Orientation type="Matrix">
                   -0.5168244800,  -0.8539055600,   0.0611402240,
                    0.8163421200,  -0.5130785100,  -0.2652102400,
                    0.2578342000,  -0.0871557520,   0.9622501700
               </Orientation>
               <Position type="Vector">-26.203543, -15.136088, -109.43096</Position>
            </HpTurret03>
            <HpTurret04>
               <Axis type="Vector">0, 1, 0</Axis>
               <Max type="float">6.2831855</Max>
               <Min type="float">-6.2831855</Min>
               <Orientation type="Matrix">
                   -1.0000000000, -87.422777e-09,   0.0000000000,
                   87.422777e-09,  -1.0000000000,  -0.0000000000,
                    0.0000000000,   0.0000000000,   1.0000000000
               </Orientation>
               <Position type="Vector">0.007819, -30.260813, -109.44385</Position>
            </HpTurret04>
            <HpTurret05>
               <Axis type="Vector">0, 1, 0</Axis>
               <Max type="float">6.2831855</Max>
               <Min type="float">-6.2831855</Min>
               <Orientation type="Matrix">
                   -0.5168244800,   0.8539055600,  -0.0611402240,
                   -0.8163421200,  -0.5130785100,  -0.2652102400,
                   -0.2578342000,  -0.0871557520,   0.9622501700
               </Orientation>
               <Position type="Vector">26.228924, -15.121295, -109.40738</Position>
            </HpTurret05>
            <HpTurret06>
               <Axis type="Vector">0, 1, 0</Axis>
               <Max type="float">6.2831855</Max>
               <Min type="float">-6.2831855</Min>
               <Orientation type="Matrix">
                    0.4775267200,   0.8376072600,   0.2652967600,
                   -0.8406070500,   0.5233950600,  -0.1394180400,
                   -0.2556325800,  -0.1564344800,   0.9540336700
               </Orientation>
               <Position type="Vector">26.202055, 15.156187, -109.42271</Position>
            </HpTurret06>
            <HpTurret07>
               <Axis type="Vector">0, 1, 0</Axis>
               <Max type="float">6.2831855</Max>
               <Min type="float">-6.2831855</Min>
               <Orientation type="Matrix">
                    1.0000000000,   0.0000000000,   0.0000000000,
                    0.0000000000,   0.9902680500,   0.1391731100,
                    0.0000000000,  -0.1391731100,   0.9902680500
               </Orientation>
               <Position type="Vector">0.015602, 34.89283, -89.113457</Position>
            </HpTurret07>
            <HpTurret08>
               <Axis type="Vector">0, 1, 0</Axis>
               <Max type="float">6.2831855</Max>
               <Min type="float">-6.2831855</Min>
               <Orientation type="Matrix">
                    0.5059665400,  -0.8550792900,  -0.1133015600,
                    0.8562270400,   0.5137834500,  -0.0538679660,
                    0.1042738600,  -0.0697564780,   0.9920992900
               </Orientation>
               <Position type="Vector">-30.221207, 17.437962, -89.123596</Position>
            </HpTurret08>
            <HpTurret09>
               <Axis type="Vector">0, 1, 0</Axis>
               <Max type="float">6.2831855</Max>
               <Min type="float">-6.2831855</Min>
               <Orientation type="Matrix">
                   -0.5051506200,  -0.8627297900,  -0.0228013430,
                    0.8567259300,  -0.4980973600,  -0.1338634500,
                    0.1041307000,  -0.0871557300,   0.9907374400
               </Orientation>
               <Position type="Vector">-30.214127, -17.455448, -89.13765</Position>
            </HpTurret09>
            <HpTurret10>
               <Axis type="Vector">0, 1, 0</Axis>
               <Max type="float">6.2831855</Max>
               <Min type="float">-6.2831855</Min>
               <Orientation type="Matrix">
                   -1.0000000000, -86.094630e-09, -15.180806e-09,
                   87.422777e-09,  -0.9848078500,  -0.1736481800,
                  -888.17842e-18,  -0.1736481800,   0.9848077300
               </Orientation>
               <Position type="Vector">-0.007794, -34.891556, -89.125954</Position>
            </HpTurret10>
            <HpTurret11>
               <Axis type="Vector">0, 1, 0</Axis>
               <Max type="float">6.2831855</Max>
               <Min type="float">-6.2831855</Min>
               <Orientation type="Matrix">
                   -0.5051506200,   0.8627297900,   0.0228013430,
                   -0.8567259300,  -0.4980973600,  -0.1338634500,
                   -0.1041307000,  -0.0871557300,   0.9907374400
               </Orientation>
               <Position type="Vector">30.211096, -17.455725, -89.122246</Position>
            </HpTurret11>
            <HpTurret12>
               <Axis type="Vector">0, 1, 0</Axis>
               <Max type="float">6.2831855</Max>
               <Min type="float">-6.2831855</Min>
               <Orientation type="Matrix">
                    0.5059665400,   0.8550792900,   0.1133015600,
                   -0.8562270400,   0.5137834500,  -0.0538679660,
                   -0.1042738600,  -0.0697564780,   0.9920992900
               </Orientation>
               <Position type="Vector">30.206514, 17.490362, -89.101738</Position>
            </HpTurret12>
            <HpTurret13>
               <Axis type="Vector">0, 1, 0</Axis>
               <Max type="float">6.2831855</Max>
               <Min type="float">-6.2831855</Min>
               <Orientation type="Matrix">
                   -0.9999998800,   0.0000000000,  87.422769e-09,
                   29.900345e-09,   0.9396926200,   0.3420200900,
                  -82.150528e-09,   0.3420200900,  -0.9396925000
               </Orientation>
               <Position type="Vector">-0.038679, 27.334484, 149.53943</Position>
            </HpTurret13>
            <HpTurret14>
               <Axis type="Vector">0, 1, 0</Axis>
               <Max type="float">6.2831855</Max>
               <Min type="float">-6.2831855</Min>
               <Orientation type="Matrix">
                   -0.5000000000,  -0.8137975900,  -0.2961980700,
                   -0.8660253300,   0.4698463400,   0.1710101200,
                  -74.505806e-09,   0.3420200900,  -0.9396925000
               </Orientation>
               <Position type="Vector">-23.681715, 13.673817, 149.5014</Position>
            </HpTurret14>
            <HpTurret15>
               <Axis type="Vector">0, 1, 0</Axis>
               <Max type="float">6.2831855</Max>
               <Min type="float">-6.2831855</Min>
               <Orientation type="Matrix">
                    0.5000001200,  -0.8137975900,  -0.2961981300,
                   -0.8660253300,  -0.4698463400,  -0.1710100500,
                  -89.406967e-09,   0.3420201200,  -0.9396925000
               </Orientation>
               <Position type="Vector">-23.670521, -13.671343, 149.52309</Position>
            </HpTurret15>
            <HpTurret16>
               <Axis type="Vector">0, 1, 0</Axis>
               <Max type="float">6.2831855</Max>
               <Min type="float">-6.2831855</Min>
               <Orientation type="Matrix">
                    1.0000000000,   0.0000000000,  -0.0000000000,
                   -0.0000000000,  -0.9271837500,  -0.3746067000,
                    0.0000000000,   0.3746067000,  -0.9271837500
               </Orientation>
               <Position type="Vector">-0.013927, -27.329727, 149.54639</Position>
            </HpTurret16>
            <HpTurret17>
               <Axis type="Vector">0, 1, 0</Axis>
               <Max type="float">6.2831855</Max>
               <Min type="float">-6.2831855</Min>
               <Orientation type="Matrix">
                    0.5000001800,   0.8137975900,   0.2961980100,
                    0.8660253300,  -0.4698463100,  -0.1710101400,
                  -74.505806e-09,   0.3420200900,  -0.9396925000
               </Orientation>
               <Position type="Vector">23.644537, -13.715082, 149.54781</Position>
            </HpTurret17>
            <HpTurret18>
               <Axis type="Vector">0, 1, 0</Axis>
               <Max type="float">6.2831855</Max>
               <Min type="float">-6.2831855</Min>
               <Orientation type="Matrix">
                   -0.4999998800,   0.8137975900,   0.2961981300,
                    0.8660253300,   0.4698463700,   0.1710099900,
                  -74.505806e-09,   0.3420201200,  -0.9396925000
               </Orientation>
               <Position type="Vector">23.664032, 13.690907, 149.51981</Position>
            </HpTurret18>
            <HpWeapon01>
               <Axis type="Vector">0, 0, 1</Axis>
               <Max type="float">0.43633232</Max>
               <Min type="float">-0.43633232</Min>
               <Orientation type="Matrix">
                    1.0000000000,   0.0000000000,   0.0000000000,
                    0.0000000000,   1.0000000000,   0.0000000000,
                    0.0000000000,   0.0000000000,   1.0000000000
               </Orientation>
               <Position type="Vector">0, 0, -165</Position>
            </HpWeapon01>
            <HpConnect>
               <Axis type="Vector">0, 1, 0</Axis>
               <Max type="float">0.78539819</Max>
               <Min type="float">-0.78539819</Min>
               <Orientation type="Matrix">
                    1.0000000000,   0.0000000000,   0.0000000000,
                    0.0000000000,   1.0000000000,   0.0000000000,
                    0.0000000000,   0.0000000000,   1.0000000000
               </Orientation>
               <Position type="Vector">0, 0, -161.25</Position>
            </HpConnect>
            <HpTorpedo01>
               <Axis type="Vector">0, 1, 0</Axis>
               <Max type="float">0.78539819</Max>
               <Min type="float">-0.78539819</Min>
               <Orientation type="Matrix">
                    1.0000000000,   0.0000000000,   0.0000000000,
                    0.0000000000,   1.0000000000,   0.0000000000,
                    0.0000000000,   0.0000000000,   1.0000000000
               </Orientation>
               <Position type="Vector">0, 0, -165</Position>
            </HpTorpedo01>
         </Revolute>
      </Hardpoints>
   </UTF_ROOT>
</UTFXML>
