<?xml version="1.0" encoding="ISO-8859-1"?>
<!-- XML generated by UTFXML Version 2.2 built 19-Aug-2010 -->
<UTFXML filename="no2_battleship2.3db" path="SHIPS\NOMAD\NO2_BATTLESHIP">
   <UTF_ROOT>
      <Exporter_Version name="Exporter Version" type="text">LancerEdit Collada Importer 2018</Exporter_Version>
      <VMeshLibrary>
         <New_Marduk2-Root.lod0.274.vms include="no2_battleship2_3db\lod0.274.vms.xml"/>
      </VMeshLibrary>
      <VMeshPart>
         <VMeshRef type="VMeshRef">
            <!-- header size  --> 60,
            <!-- vmesh lib    --> New_Marduk2-Root.lod0.274.vms,
            <!-- start vert   --> 0,
            <!-- num verts    --> 6258,
            <!-- start index  --> 0,
            <!-- num indices  --> 24210,
            <!-- start mesh   --> 0,
            <!-- num meshes   --> 4,
            <!-- bounding box -->  60.100697,      69.398277,   304.79489,
                                  -60.100685,     -59.936817,  -304.54785,
            <!-- center       -->   5.7220459e-6,   4.7307301,    0.1235199,
            <!-- radius       --> 397.901
         </VMeshRef>
      </VMeshPart>
      <Hardpoints>
         <Fixed>
            <HpEngine01>
               <Orientation type="Matrix">
                    1.0000000000,   0.0000000000,   0.0000000000,
                    0.0000000000,   1.0000000000,   0.0000000000,
                    0.0000000000,   0.0000000000,   1.0000000000
               </Orientation>
               <Position type="Vector">0, 0, 292.5</Position>
            </HpEngine01>
            <HpFX01>
               <Orientation type="Matrix">
                   -1.0000000000, -83.144009e-09,  27.015126e-09,
                   87.422784e-09,  -0.9510566000,   0.3090170300,
                    0.0000000000,   0.3090170300,   0.9510564800
               </Orientation>
               <Position type="Vector">0, -54.140625, 19.135124</Position>
            </HpFX01>
            <HpFX02>
               <Orientation type="Matrix">
                    0.5000000000,  -0.8236390900,   0.2676166000,
                    0.8660253900,   0.4755282100,  -0.1545085000,
                    0.0000000000,   0.3090170300,   0.9510564800
               </Orientation>
               <Position type="Vector">-46.887753, 27.070873, 19.135124</Position>
            </HpFX02>
            <HpFX03>
               <Orientation type="Matrix">
                    0.5000000000,   0.8236390900,  -0.2676166000,
                   -0.8660253900,   0.4755282100,  -0.1545085000,
                    0.0000000000,   0.3090170300,   0.9510564800
               </Orientation>
               <Position type="Vector">46.887753, 27.070873, 19.135124</Position>
            </HpFX03>
            <HpFX04>
               <Orientation type="Matrix">
                    1.0000000000,   0.0000000000,  -0.0000000000,
                   -0.0000000000,   0.9799246800,  -0.1993679300,
                    0.0000000000,   0.1993679300,   0.9799246800
               </Orientation>
               <Position type="Vector">0, 59.5215, 175.20187</Position>
            </HpFX04>
            <HpFX05>
               <Orientation type="Matrix">
                    0.5000000000,   0.8486396700,  -0.1726576800,
                   -0.8660253900,   0.4899623100,  -0.0996839550,
                    0.0000000000,   0.1993679300,   0.9799246800
               </Orientation>
               <Position type="Vector">51.547497, 29.76075, 175.20187</Position>
            </HpFX05>
            <HpFX06>
               <Orientation type="Matrix">
                   -0.5000001200,   0.8486396100,  -0.1726576700,
                   -0.8660253300,  -0.4899624600,   0.0996839850,
                    0.0000000000,   0.1993679300,   0.9799246800
               </Orientation>
               <Position type="Vector">51.547497, -29.76075, 175.20187</Position>
            </HpFX06>
            <HpFX07>
               <Orientation type="Matrix">
                   -1.0000000000, -85.667743e-09,  17.429297e-09,
                   87.422784e-09,  -0.9799248000,   0.1993679300,
                  -888.17842e-18,   0.1993679300,   0.9799246800
               </Orientation>
               <Position type="Vector">0, -59.5215, 175.20187</Position>
            </HpFX07>
            <HpFX08>
               <Orientation type="Matrix">
                   -0.5000001200,  -0.8486396100,   0.1726576700,
                    0.8660253300,  -0.4899624600,   0.0996839850,
                    0.0000000000,   0.1993679300,   0.9799246800
               </Orientation>
               <Position type="Vector">-51.547497, -29.76075, 175.20187</Position>
            </HpFX08>
            <HpFX09>
               <Orientation type="Matrix">
                    0.5000000000,  -0.8486396700,   0.1726576800,
                    0.8660253900,   0.4899623100,  -0.0996839550,
                    0.0000000000,   0.1993679300,   0.9799246800
               </Orientation>
               <Position type="Vector">-51.547497, 29.76075, 175.20187</Position>
            </HpFX09>
            <HpShield01>
               <Orientation type="Matrix">
                    1.0000000000,   0.0000000000,   0.0000000000,
                    0.0000000000,   1.0000000000,   0.0000000000,
                    0.0000000000,   0.0000000000,   1.0000000000
               </Orientation>
               <Position type="Vector">0, 0, 17.71875</Position>
            </HpShield01>
            <HpCloak01>
               <Orientation type="Matrix">
                    1.0000000000,   0.0000000000,   0.0000000000,
                    0.0000000000,   1.0000000000,   0.0000000000,
                    0.0000000000,   0.0000000000,   1.0000000000
               </Orientation>
               <Position type="Vector">0, 0, 17.71875</Position>
            </HpCloak01>
            <HpTractor_Source01>
               <Orientation type="Matrix">
                    1.0000000000,   0.0000000000,   0.0000000000,
                    0.0000000000,   1.0000000000,   0.0000000000,
                    0.0000000000,   0.0000000000,   1.0000000000
               </Orientation>
               <Position type="Vector">0, 0, -279</Position>
            </HpTractor_Source01>
            <HpMount>
               <Orientation type="Matrix">
                    1.0000000000,   0.0000000000,   0.0000000000,
                    0.0000000000,   1.0000000000,   0.0000000000,
                    0.0000000000,   0.0000000000,   1.0000000000
               </Orientation>
               <Position type="Vector">0, -6.1944866, 0</Position>
            </HpMount>
            <HpCockpit>
               <Orientation type="Matrix">
                    1.0000000000,   0.0000000000,   0.0000000000,
                    0.0000000000,   1.0000000000,   0.0000000000,
                    0.0000000000,   0.0000000000,   1.0000000000
               </Orientation>
               <Position type="Vector">0, 0, -264.375</Position>
            </HpCockpit>
            <HpCockpitEx>
               <Orientation type="Matrix">
                    1.0000000000,   0.0000000000,   0.0000000000,
                    0.0000000000,   1.0000000000,   0.0000000000,
                    0.0000000000,   0.0000000000,   1.0000000000
               </Orientation>
               <Position type="Vector">0, 56.25, 393.75</Position>
            </HpCockpitEx>
            <HpCM01>
               <Orientation type="Matrix">
                   -0.9999998800, -61.817232e-09, -61.817232e-09,
                   87.422777e-09,  -0.7071067100,  -0.7071067700,
                    0.0000000000,  -0.7071067700,   0.7071068300
               </Orientation>
               <Position type="Vector">0, 0, 301.5</Position>
            </HpCM01>
            <HpCM02>
               <Orientation type="Matrix">
                    1.0000000000,   0.0000000000,   0.0000000000,
                    0.0000000000,   1.0000000000,   0.0000000000,
                    0.0000000000,   0.0000000000,   1.0000000000
               </Orientation>
               <Position type="Vector">0, 0, 301.5</Position>
            </HpCM02>
            <HpRunningLight01>
               <Orientation type="Matrix">
                    1.0000000000,   0.0000000000,  -0.0000000000,
                   -0.0000000000,   0.2588191600,  -0.9659256900,
                    0.0000000000,   0.9659256900,   0.2588191600
               </Orientation>
               <Position type="Vector">0, 36.421314, -123.97556</Position>
            </HpRunningLight01>
            <HpRunningLight02>
               <Orientation type="Matrix">
                    0.5000000000,  -0.2241438900,   0.8365161400,
                    0.8660253300,   0.1294097000,  -0.4829627900,
                  -29.802322e-09,   0.9659256300,   0.2588192200
               </Orientation>
               <Position type="Vector">-31.541908, 18.210657, -123.97556</Position>
            </HpRunningLight02>
            <HpRunningLight03>
               <Orientation type="Matrix">
                   -0.5000000000,  -0.2241438300,   0.8365161400,
                    0.8660252100,  -0.1294094900,   0.4829630300,
                    0.0000000000,   0.9659257500,   0.2588191600
               </Orientation>
               <Position type="Vector">-31.541908, -18.210657, -123.97556</Position>
            </HpRunningLight03>
            <HpRunningLight04>
               <Orientation type="Matrix">
                   -0.9999998200,  22.626683e-09, -84.443904e-09,
                  -87.422762e-09,  -0.2588189800,   0.9659256900,
                    0.0000000000,   0.9659256900,   0.2588191600
               </Orientation>
               <Position type="Vector">0, -36.421314, -123.97556</Position>
            </HpRunningLight04>
            <HpRunningLight05>
               <Orientation type="Matrix">
                   -0.5000000000,   0.2241438300,  -0.8365161400,
                   -0.8660252100,  -0.1294094900,   0.4829630300,
                    0.0000000000,   0.9659257500,   0.2588191600
               </Orientation>
               <Position type="Vector">31.541908, -18.210657, -123.97556</Position>
            </HpRunningLight05>
            <HpRunningLight06>
               <Orientation type="Matrix">
                    0.5000000000,   0.2241438900,  -0.8365161400,
                   -0.8660253300,   0.1294097000,  -0.4829627900,
                   29.802322e-09,   0.9659256300,   0.2588192200
               </Orientation>
               <Position type="Vector">31.541908, 18.210657, -123.97556</Position>
            </HpRunningLight06>
            <HpRunningLight07>
               <Orientation type="Matrix">
                    1.0000000000,   0.0000000000,  -0.0000000000,
                   -0.0000000000,   0.1391730900,  -0.9902681100,
                    0.0000000000,   0.9902681100,   0.1391730900
               </Orientation>
               <Position type="Vector">0, 41.747063, -100.65768</Position>
            </HpRunningLight07>
            <HpRunningLight08>
               <Orientation type="Matrix">
                    0.5000000000,  -0.1205274500,   0.8575972900,
                    0.8660253900,   0.0695866050,  -0.4951339700,
                    0.0000000000,   0.9902679900,   0.1391731600
               </Orientation>
               <Position type="Vector">-36.154686, 20.874374, -100.65768</Position>
            </HpRunningLight08>
            <HpRunningLight09>
               <Orientation type="Matrix">
                   -0.5000001800,  -0.1205274200,   0.8575972300,
                    0.8660253300,  -0.0695866350,   0.4951341500,
                   29.802322e-09,   0.9902681100,   0.1391730900
               </Orientation>
               <Position type="Vector">-36.154686, -20.874374, -100.65768</Position>
            </HpRunningLight09>
            <HpRunningLight10>
               <Orientation type="Matrix">
                   -1.0000000000,  12.166904e-09, -86.571987e-09,
                  -87.422777e-09,  -0.1391731500,   0.9902681100,
                    0.0000000000,   0.9902681100,   0.1391730900
               </Orientation>
               <Position type="Vector">0, -41.747902, -100.65768</Position>
            </HpRunningLight10>
            <HpRunningLight11>
               <Orientation type="Matrix">
                   -0.5000001800,   0.1205274200,  -0.8575972300,
                   -0.8660253300,  -0.0695866350,   0.4951341500,
                  -29.802322e-09,   0.9902681100,   0.1391730900
               </Orientation>
               <Position type="Vector">36.154686, -20.874374, -100.65768</Position>
            </HpRunningLight11>
            <HpRunningLight12>
               <Orientation type="Matrix">
                    0.5000000000,   0.1205274500,  -0.8575972900,
                   -0.8660253900,   0.0695866050,  -0.4951339700,
                    0.0000000000,   0.9902679900,   0.1391731600
               </Orientation>
               <Position type="Vector">36.154686, 20.874374, -100.65768</Position>
            </HpRunningLight12>
            <HpRunningLight13>
               <Orientation type="Matrix">
                    1.0000000000,   0.0000000000,  -0.0000000000,
                   -0.0000000000,  -0.3420201500,  -0.9396926800,
                    0.0000000000,   0.9396926800,  -0.3420201500
               </Orientation>
               <Position type="Vector">0, 30.972376, 168.22772</Position>
            </HpRunningLight13>
            <HpRunningLight14>
               <Orientation type="Matrix">
                    0.5000000000,   0.2961981600,   0.8137977100,
                    0.8660254500,  -0.1710101200,  -0.4698463100,
                    0.0000000000,   0.9396926800,  -0.3420201800
               </Orientation>
               <Position type="Vector">-26.822815, 15.486188, 168.22772</Position>
            </HpRunningLight14>
            <HpRunningLight15>
               <Orientation type="Matrix">
                   -0.5000002400,   0.2961981000,   0.8137976500,
                    0.8660253300,   0.1710101100,   0.4698464300,
                  -59.604645e-09,   0.9396926800,  -0.3420202100
               </Orientation>
               <Position type="Vector">-26.822815, -15.486188, 168.22772</Position>
            </HpRunningLight15>
            <HpRunningLight16>
               <Orientation type="Matrix">
                   -1.0000000000, -29.900349e-09, -82.150542e-09,
                  -87.422784e-09,   0.3420200900,   0.9396926800,
                    0.0000000000,   0.9396926800,  -0.3420201500
               </Orientation>
               <Position type="Vector">0, -30.972376, 168.22772</Position>
            </HpRunningLight16>
            <HpRunningLight17>
               <Orientation type="Matrix">
                   -0.5000002400,  -0.2961981000,  -0.8137976500,
                   -0.8660253300,   0.1710101100,   0.4698464300,
                   59.604645e-09,   0.9396926800,  -0.3420202100
               </Orientation>
               <Position type="Vector">26.822815, -15.486188, 168.22772</Position>
            </HpRunningLight17>
            <HpRunningLight18>
               <Orientation type="Matrix">
                    0.5000000000,  -0.2961981600,  -0.8137977100,
                   -0.8660254500,  -0.1710101200,  -0.4698463100,
                    0.0000000000,   0.9396926800,  -0.3420201800
               </Orientation>
               <Position type="Vector">26.822815, 15.486188, 168.22772</Position>
            </HpRunningLight18>
            <HpSpecialEquipment01>
               <Position type="Vector">0, -6.1944866, 0</Position>
               <Orientation type="Matrix">
                    1.0000000000,   0.0000000000,   0.0000000000,
                    0.0000000000,   1.0000000000,   0.0000000000,
                    0.0000000000,   0.0000000000,   1.0000000000
               </Orientation>
            </HpSpecialEquipment01>
            <HpSpecialEquipment02>
               <Position type="Vector">0, -6.1944866, 0</Position>
               <Orientation type="Matrix">
                    1.0000000000,   0.0000000000,   0.0000000000,
                    0.0000000000,   1.0000000000,   0.0000000000,
                    0.0000000000,   0.0000000000,   1.0000000000
               </Orientation>
            </HpSpecialEquipment02>
            <HpSpecialEquipment03>
               <Position type="Vector">0, -6.1944866, 0</Position>
               <Orientation type="Matrix">
                    1.0000000000,   0.0000000000,   0.0000000000,
                    0.0000000000,   1.0000000000,   0.0000000000,
                    0.0000000000,   0.0000000000,   1.0000000000
               </Orientation>
            </HpSpecialEquipment03>
            <HpSpecialEquipment04>
               <Position type="Vector">0, -6.1944866, 0</Position>
               <Orientation type="Matrix">
                    1.0000000000,   0.0000000000,   0.0000000000,
                    0.0000000000,   1.0000000000,   0.0000000000,
                    0.0000000000,   0.0000000000,   1.0000000000
               </Orientation>
            </HpSpecialEquipment04>
            <HpSpecialEquipment05>
               <Position type="Vector">0, -6.1944866, 0</Position>
               <Orientation type="Matrix">
                    1.0000000000,   0.0000000000,   0.0000000000,
                    0.0000000000,   1.0000000000,   0.0000000000,
                    0.0000000000,   0.0000000000,   1.0000000000
               </Orientation>
            </HpSpecialEquipment05>
            <HpSpecialEquipment06>
               <Position type="Vector">0, -6.1944866, 0</Position>
               <Orientation type="Matrix">
                    1.0000000000,   0.0000000000,   0.0000000000,
                    0.0000000000,   1.0000000000,   0.0000000000,
                    0.0000000000,   0.0000000000,   1.0000000000
               </Orientation>
            </HpSpecialEquipment06>
            <HpSpecialEquipment07>
               <Position type="Vector">0, -6.1944866, 0</Position>
               <Orientation type="Matrix">
                    1.0000000000,   0.0000000000,   0.0000000000,
                    0.0000000000,   1.0000000000,   0.0000000000,
                    0.0000000000,   0.0000000000,   1.0000000000
               </Orientation>
            </HpSpecialEquipment07>
            <HpSpecialEquipment08>
               <Position type="Vector">0, -6.1944866, 0</Position>
               <Orientation type="Matrix">
                    1.0000000000,   0.0000000000,   0.0000000000,
                    0.0000000000,   1.0000000000,   0.0000000000,
                    0.0000000000,   0.0000000000,   1.0000000000
               </Orientation>
            </HpSpecialEquipment08>
            <HpBayDoor01>
               <Orientation type="Matrix">
                    1.0000000000,   0.0000000000,   0.0000000000,
                    0.0000000000,   1.0000000000,   0.0000000000,
                    0.0000000000,   0.0000000000,   1.0000000000
               </Orientation>
               <Position type="Vector">0, -33.75, 0</Position>
            </HpBayDoor01>
            <HpBayDoor02>
               <Orientation type="Matrix">
                    1.0000000000,   0.0000000000,   0.0000000000,
                    0.0000000000,   1.0000000000,   0.0000000000,
                    0.0000000000,   0.0000000000,   1.0000000000
               </Orientation>
               <Position type="Vector">0, -34.875, 0</Position>
            </HpBayDoor02>
            <HpShield02>
               <Orientation type="Matrix">
                    1.0000000000,   0.0000000000,   0.0000000000,
                    0.0000000000,   1.0000000000,   0.0000000000,
                    0.0000000000,   0.0000000000,   1.0000000000
               </Orientation>
               <Position type="Vector">0, 0, 0</Position>
            </HpShield02>
            <HpShield03>
               <Orientation type="Matrix">
                    1.0000000000,   0.0000000000,   0.0000000000,
                    0.0000000000,   1.0000000000,   0.0000000000,
                    0.0000000000,   0.0000000000,   1.0000000000
               </Orientation>
               <Position type="Vector">0, 0, 0</Position>
            </HpShield03>
            <HpShield04>
               <Orientation type="Matrix">
                    1.0000000000,   0.0000000000,   0.0000000000,
                    0.0000000000,   1.0000000000,   0.0000000000,
                    0.0000000000,   0.0000000000,   1.0000000000
               </Orientation>
               <Position type="Vector">0, 0, 0</Position>
            </HpShield04>
            <HpShield05>
               <Orientation type="Matrix">
                    1.0000000000,   0.0000000000,   0.0000000000,
                    0.0000000000,   1.0000000000,   0.0000000000,
                    0.0000000000,   0.0000000000,   1.0000000000
               </Orientation>
               <Position type="Vector">0, 0, 0</Position>
            </HpShield05>
         </Fixed>
         <Revolute>
            <HpTurret01>
               <Axis type="Vector">0, 1, 0</Axis>
               <Max type="float">6.2831855</Max>
               <Min type="float">-6.2831855</Min>
               <Orientation type="Matrix">
                    1.0000000000,   0.0000000000,   0.0000000000,
                    0.0000000000,   0.9563047900,   0.2923716900,
                    0.0000000000,  -0.2923716900,   0.9563047900
               </Orientation>
               <Position type="Vector">-0.00888, 45.398407, -164.1282</Position>
            </HpTurret01>
            <HpTurret02>
               <Axis type="Vector">0, 1, 0</Axis>
               <Max type="float">6.2831855</Max>
               <Min type="float">-6.2831855</Min>
               <Orientation type="Matrix">
                    0.4775267200,  -0.8376072600,  -0.2652967600,
                    0.8406070500,   0.5233950600,  -0.1394180400,
                    0.2556325800,  -0.1564344800,   0.9540336700
               </Orientation>
               <Position type="Vector">-39.307724, 22.708429, -164.1348</Position>
            </HpTurret02>
            <HpTurret03>
               <Axis type="Vector">0, 1, 0</Axis>
               <Max type="float">6.2831855</Max>
               <Min type="float">-6.2831855</Min>
               <Orientation type="Matrix">
                   -0.5168244800,  -0.8539055600,   0.0611402240,
                    0.8163421200,  -0.5130785100,  -0.2652102400,
                    0.2578342000,  -0.0871557520,   0.9622501700
               </Orientation>
               <Position type="Vector">-39.305313, -22.704132, -164.14644</Position>
            </HpTurret03>
            <HpTurret04>
               <Axis type="Vector">0, 1, 0</Axis>
               <Max type="float">6.2831855</Max>
               <Min type="float">-6.2831855</Min>
               <Orientation type="Matrix">
                   -1.0000000000, -87.422777e-09,   0.0000000000,
                   87.422777e-09,  -1.0000000000,  -0.0000000000,
                    0.0000000000,   0.0000000000,   1.0000000000
               </Orientation>
               <Position type="Vector">0.011728499, -45.39122, -164.16577</Position>
            </HpTurret04>
            <HpTurret05>
               <Axis type="Vector">0, 1, 0</Axis>
               <Max type="float">6.2831855</Max>
               <Min type="float">-6.2831855</Min>
               <Orientation type="Matrix">
                   -0.5168244800,   0.8539055600,  -0.0611402240,
                   -0.8163421200,  -0.5130785100,  -0.2652102400,
                   -0.2578342000,  -0.0871557520,   0.9622501700
               </Orientation>
               <Position type="Vector">39.343384, -22.681942, -164.11107</Position>
            </HpTurret05>
            <HpTurret06>
               <Axis type="Vector">0, 1, 0</Axis>
               <Max type="float">6.2831855</Max>
               <Min type="float">-6.2831855</Min>
               <Orientation type="Matrix">
                    0.4775267200,   0.8376072600,   0.2652967600,
                   -0.8406070500,   0.5233950600,  -0.1394180400,
                   -0.2556325800,  -0.1564344800,   0.9540336700
               </Orientation>
               <Position type="Vector">39.303082, 22.73428, -164.13406</Position>
            </HpTurret06>
            <HpTurret07>
               <Axis type="Vector">0, 1, 0</Axis>
               <Max type="float">6.2831855</Max>
               <Min type="float">-6.2831855</Min>
               <Orientation type="Matrix">
                    1.0000000000,   0.0000000000,   0.0000000000,
                    0.0000000000,   0.9902680500,   0.1391731100,
                    0.0000000000,  -0.1391731100,   0.9902680500
               </Orientation>
               <Position type="Vector">0.023403, 52.339245, -133.67018</Position>
            </HpTurret07>
            <HpTurret08>
               <Axis type="Vector">0, 1, 0</Axis>
               <Max type="float">6.2831855</Max>
               <Min type="float">-6.2831855</Min>
               <Orientation type="Matrix">
                    0.5059665400,  -0.8550792900,  -0.1133015600,
                    0.8562270400,   0.5137834500,  -0.0538679660,
                    0.1042738600,  -0.0697564780,   0.9920992900
               </Orientation>
               <Position type="Vector">-45.33181, 26.156942, -133.68539</Position>
            </HpTurret08>
            <HpTurret09>
               <Axis type="Vector">0, 1, 0</Axis>
               <Max type="float">6.2831855</Max>
               <Min type="float">-6.2831855</Min>
               <Orientation type="Matrix">
                   -0.5051506200,  -0.8627297900,  -0.0228013430,
                    0.8567259300,  -0.4980973600,  -0.1338634500,
                    0.1041307000,  -0.0871557300,   0.9907374400
               </Orientation>
               <Position type="Vector">-45.32119, -26.183172, -133.70648</Position>
            </HpTurret09>
            <HpTurret10>
               <Axis type="Vector">0, 1, 0</Axis>
               <Max type="float">6.2831855</Max>
               <Min type="float">-6.2831855</Min>
               <Orientation type="Matrix">
                   -1.0000000000, -86.094630e-09, -15.180806e-09,
                   87.422777e-09,  -0.9848078500,  -0.1736481800,
                  -888.17842e-18,  -0.1736481800,   0.9848077300
               </Orientation>
               <Position type="Vector">-0.011691, -52.337334, -133.68893</Position>
            </HpTurret10>
            <HpTurret11>
               <Axis type="Vector">0, 1, 0</Axis>
               <Max type="float">6.2831855</Max>
               <Min type="float">-6.2831855</Min>
               <Orientation type="Matrix">
                   -0.5051506200,   0.8627297900,   0.0228013430,
                   -0.8567259300,  -0.4980973600,  -0.1338634500,
                   -0.1041307000,  -0.0871557300,   0.9907374400
               </Orientation>
               <Position type="Vector">45.316643, -26.183586, -133.68336</Position>
            </HpTurret11>
            <HpTurret12>
               <Axis type="Vector">0, 1, 0</Axis>
               <Max type="float">6.2831855</Max>
               <Min type="float">-6.2831855</Min>
               <Orientation type="Matrix">
                    0.5059665400,   0.8550792900,   0.1133015600,
                   -0.8562270400,   0.5137834500,  -0.0538679660,
                   -0.1042738600,  -0.0697564780,   0.9920992900
               </Orientation>
               <Position type="Vector">45.309772, 26.235542, -133.6526</Position>
            </HpTurret12>
            <HpTurret13>
               <Axis type="Vector">0, 1, 0</Axis>
               <Max type="float">6.2831855</Max>
               <Min type="float">-6.2831855</Min>
               <Orientation type="Matrix">
                   -0.9999998800,   0.0000000000,  87.422769e-09,
                   29.900345e-09,   0.9396926200,   0.3420200900,
                  -82.150528e-09,   0.3420200900,  -0.9396925000
               </Orientation>
               <Position type="Vector">-0.058018498, 41.001724, 224.30914</Position>
            </HpTurret13>
            <HpTurret14>
               <Axis type="Vector">0, 1, 0</Axis>
               <Max type="float">6.2831855</Max>
               <Min type="float">-6.2831855</Min>
               <Orientation type="Matrix">
                   -0.5000000000,  -0.8137975900,  -0.2961980700,
                   -0.8660253300,   0.4698463400,   0.1710101200,
                  -74.505806e-09,   0.3420200900,  -0.9396925000
               </Orientation>
               <Position type="Vector">-35.522572, 20.510725, 224.25211</Position>
            </HpTurret14>
            <HpTurret15>
               <Axis type="Vector">0, 1, 0</Axis>
               <Max type="float">6.2831855</Max>
               <Min type="float">-6.2831855</Min>
               <Orientation type="Matrix">
                    0.5000001200,  -0.8137975900,  -0.2961981300,
                   -0.8660253300,  -0.4698463400,  -0.1710100500,
                  -89.406967e-09,   0.3420201200,  -0.9396925000
               </Orientation>
               <Position type="Vector">-35.505783, -20.507015, 224.28464</Position>
            </HpTurret15>
            <HpTurret16>
               <Axis type="Vector">0, 1, 0</Axis>
               <Max type="float">6.2831855</Max>
               <Min type="float">-6.2831855</Min>
               <Orientation type="Matrix">
                    1.0000000000,   0.0000000000,  -0.0000000000,
                   -0.0000000000,  -0.9271837500,  -0.3746067000,
                    0.0000000000,   0.3746067000,  -0.9271837500
               </Orientation>
               <Position type="Vector">-0.0208905, -40.994591, 224.31958</Position>
            </HpTurret16>
            <HpTurret17>
               <Axis type="Vector">0, 1, 0</Axis>
               <Max type="float">6.2831855</Max>
               <Min type="float">-6.2831855</Min>
               <Orientation type="Matrix">
                    0.5000001800,   0.8137975900,   0.2961980100,
                    0.8660253300,  -0.4698463100,  -0.1710101400,
                  -74.505806e-09,   0.3420200900,  -0.9396925000
               </Orientation>
               <Position type="Vector">35.466805, -20.572624, 224.32172</Position>
            </HpTurret17>
            <HpTurret18>
               <Axis type="Vector">0, 1, 0</Axis>
               <Max type="float">6.2831855</Max>
               <Min type="float">-6.2831855</Min>
               <Orientation type="Matrix">
                   -0.4999998800,   0.8137975900,   0.2961981300,
                    0.8660253300,   0.4698463700,   0.1710099900,
                  -74.505806e-09,   0.3420201200,  -0.9396925000
               </Orientation>
               <Position type="Vector">35.496048, 20.53636, 224.27971</Position>
            </HpTurret18>
            <HpWeapon01>
               <Axis type="Vector">0, 0, 1</Axis>
               <Max type="float">0.43633232</Max>
               <Min type="float">-0.43633232</Min>
               <Orientation type="Matrix">
                    1.0000000000,   0.0000000000,   0.0000000000,
                    0.0000000000,   1.0000000000,   0.0000000000,
                    0.0000000000,   0.0000000000,   1.0000000000
               </Orientation>
               <Position type="Vector">0, 0, -247.5</Position>
            </HpWeapon01>
            <HpConnect>
               <Axis type="Vector">0, 1, 0</Axis>
               <Max type="float">0.78539819</Max>
               <Min type="float">-0.78539819</Min>
               <Orientation type="Matrix">
                    1.0000000000,   0.0000000000,   0.0000000000,
                    0.0000000000,   1.0000000000,   0.0000000000,
                    0.0000000000,   0.0000000000,   1.0000000000
               </Orientation>
               <Position type="Vector">0, 0, -241.875</Position>
            </HpConnect>
            <HpTorpedo01>
               <Axis type="Vector">0, 1, 0</Axis>
               <Max type="float">0.78539819</Max>
               <Min type="float">-0.78539819</Min>
               <Orientation type="Matrix">
                    1.0000000000,   0.0000000000,   0.0000000000,
                    0.0000000000,   1.0000000000,   0.0000000000,
                    0.0000000000,   0.0000000000,   1.0000000000
               </Orientation>
               <Position type="Vector">0, 0, -247.5</Position>
            </HpTorpedo01>
         </Revolute>
      </Hardpoints>
   </UTF_ROOT>
</UTFXML>
