<?xml version="1.0" encoding="ISO-8859-1"?>
<!-- XML generated by UTFXML Version 2.2 built 19-Aug-2010 -->
<UTFXML filename="no2_bomber.3db" path="SHIPS\NOMAD\no2_bomber">
   <UTF_ROOT>
      <VMeshLibrary>
         <no2_bomber.0.lod0.vms include="no2_bomber_3db\lod0.vms.xml"/>
      </VMeshLibrary>
      <VMeshPart>
         <VMeshRef type="VMeshRef">
            <!-- header size  --> 60,
            <!-- vmesh lib    --> no2_bomber.0.lod0.vms,
            <!-- start vert   --> 0,
            <!-- num verts    --> 2124,
            <!-- start index  --> 0,
            <!-- num indices  --> 6624,
            <!-- start mesh   --> 0,
            <!-- num meshes   --> 3,
            <!-- bounding box -->  7.8053765,     8.9803457,  10.521474,
                                  -7.8053737,    -5.0163097, -15.951998,
            <!-- center       -->  1.4305115e-6,  1.982018,   -2.7152619,
            <!-- radius       --> 24.875841
         </VMeshRef>
      </VMeshPart>
      <Hardpoints>
         <Fixed>
            <HpMount>
               <Orientation type="Matrix">
                    1.0000000000,   0.0000000000,   0.0000000000,
                    0.0000000000,   1.0000000000,   0.0000000000,
                    0.0000000000,   0.0000000000,   1.0000000000
               </Orientation>
               <Position type="Vector">0, -6, -2</Position>
            </HpMount>
            <HpEngine01>
               <Orientation type="Matrix">
                    1.0000000000,   0.0000000000,   0.0000000000,
                    0.0000000000,   1.0000000000,   0.0000000000,
                    0.0000000000,   0.0000000000,   1.0000000000
               </Orientation>
               <Position type="Vector">0, 0, 9.555</Position>
            </HpEngine01>
            <HpShield01>
               <Orientation type="Matrix">
                    1.0000000000,   0.0000000000,   0.0000000000,
                    0.0000000000,   1.0000000000,   0.0000000000,
                    0.0000000000,   0.0000000000,   1.0000000000
               </Orientation>
               <Position type="Vector">0, 0, 4.095</Position>
            </HpShield01>
            <HpCockpit>
               <Orientation type="Matrix">
                    1.0000000000,   0.0000000000,   0.0000000000,
                    0.0000000000,   1.0000000000,   0.0000000000,
                    0.0000000000,   0.0000000000,   1.0000000000
               </Orientation>
               <Position type="Vector">0, 0, -12.284999</Position>
            </HpCockpit>
            <HpThruster01>
               <Orientation type="Matrix">
                    1.0000000000,   0.0000000000,   0.0000000000,
                    0.0000000000,   1.0000000000,   0.0000000000,
                    0.0000000000,   0.0000000000,   1.0000000000
               </Orientation>
               <Position type="Vector">0, 0, 9.555</Position>
            </HpThruster01>
            <HpCloak01>
               <Orientation type="Matrix">
                    1.0000000000,   0.0000000000,   0.0000000000,
                    0.0000000000,   1.0000000000,   0.0000000000,
                    0.0000000000,   0.0000000000,   1.0000000000
               </Orientation>
               <Position type="Vector">0, 0, -2</Position>
            </HpCloak01>
            <HpCM01>
               <Orientation type="Matrix">
                    0.5000000000,   0.6123724000,  -0.6123724000,
                   -0.8660253300,   0.3535533800,  -0.3535533500,
                    0.0000000000,   0.7071067700,   0.7071067700
               </Orientation>
               <Position type="Vector">1.365, 0.78760499, 5.6715751</Position>
            </HpCM01>
            <HpMine01>
               <Orientation type="Matrix">
                    0.5000000000,  -0.6123724000,   0.6123724000,
                    0.8660253300,   0.3535533800,  -0.3535533500,
                    0.0000000000,   0.7071067700,   0.7071067700
               </Orientation>
               <Position type="Vector">-1.365, 0.78760499, 5.6715751</Position>
            </HpMine01>
            <HpContrail01>
               <Orientation type="Matrix">
                    1.0000000000,   0.0000000000,  -0.0000000000,
                   -0.0000000000,   0.9659258100,  -0.2588190700,
                    0.0000000000,   0.2588190700,   0.9659258100
               </Orientation>
               <Position type="Vector">0, 5.5391693, 8.1067343</Position>
            </HpContrail01>
            <HpContrail02>
               <Orientation type="Matrix">
                   -0.5000003600,   0.8365163200,  -0.2241438600,
                   -0.8660253900,  -0.4829632600,   0.1294095800,
                  -7.4505806e-09,   0.2588190700,   0.9659258700
               </Orientation>
               <Position type="Vector">4.7966094, -2.7695847, 8.1067343</Position>
            </HpContrail02>
            <HpContrail03>
               <Orientation type="Matrix">
                   -0.5000003600,  -0.8365163200,   0.2241438600,
                    0.8660253900,  -0.4829632600,   0.1294095800,
                   7.4505806e-09,   0.2588190700,   0.9659258700
               </Orientation>
               <Position type="Vector">-4.7966094, -2.7695847, 8.1067343</Position>
            </HpContrail03>
            <HpFX01>
               <Orientation type="Matrix">
                   -1.0000000000, -71.612547e-09,  50.143644e-09,
                   87.422777e-09,  -0.8191520000,   0.5735763900,
                    0.0000000000,   0.5735763900,   0.8191520600
               </Orientation>
               <Position type="Vector">0, -3.9352946, 3.3428848</Position>
            </HpFX01>
            <HpFX02>
               <Orientation type="Matrix">
                    0.5000000000,  -0.7094063800,   0.4967317600,
                    0.8660253300,   0.4095760300,  -0.2867882300,
                   14.901161e-09,   0.5735763900,   0.8191520600
               </Orientation>
               <Position type="Vector">-3.4084048, 1.9683298, 3.3428848</Position>
            </HpFX02>
            <HpFX03>
               <Orientation type="Matrix">
                    0.5000000000,   0.7094063800,  -0.4967317600,
                   -0.8660253300,   0.4095760300,  -0.2867882300,
                  -14.901161e-09,   0.5735763900,   0.8191520600
               </Orientation>
               <Position type="Vector">3.4056747, 1.9683298, 3.3428848</Position>
            </HpFX03>
            <HpCM02>
               <Orientation type="Matrix">
                   -0.6427874600,  -0.7660444400,  -0.0000000000,
                    0.7660444400,  -0.6427874600,   0.0000000000,
                    0.0000000000,  -0.0000000000,   1.0000000000
               </Orientation>
               <Position type="Vector">-0.760557, -0.43038499, 6.857986</Position>
            </HpCM02>
            <HpMine02>
               <Orientation type="Matrix">
                   -0.6427874600,   0.7660444400,   0.0000000000,
                   -0.7660444400,  -0.6427874600,   0.0000000000,
                    0.0000000000,   0.0000000000,   1.0000000000
               </Orientation>
               <Position type="Vector">0.76169002, -0.43231699, 6.8563352</Position>
            </HpMine02>
            <HpFX04>
               <Orientation type="Matrix">
                    1.0000000000,   0.0000000000,   0.0000000000,
                    0.0000000000,   1.0000000000,   0.0000000000,
                    0.0000000000,   0.0000000000,   1.0000000000
               </Orientation>
               <Position type="Vector">0, 0, 0</Position>
            </HpFX04>
            <HpFX05>
               <Orientation type="Matrix">
                   59.604645e-09,   0.9999998800,   0.0000000000,
                   -0.9999998800,  59.604645e-09,   0.0000000000,
                    0.0000000000,   0.0000000000,   1.0000000000
               </Orientation>
               <Position type="Vector">0, 0, 0</Position>
            </HpFX05>
            <HpFX06>
               <Orientation type="Matrix">
                    1.0000000000,   0.0000000000,   0.0000000000,
                    0.0000000000,  59.604645e-09,   0.9999998800,
                    0.0000000000,  -0.9999998800,  59.604645e-09
               </Orientation>
               <Position type="Vector">0, 0, 0</Position>
            </HpFX06>
            <HpNew01>
               <Orientation type="Matrix">
                    1.0000000000,   0.0000000000,   0.0000000000,
                    0.0000000000,   1.0000000000,   0.0000000000,
                    0.0000000000,   0.0000000000,   1.0000000000
               </Orientation>
               <Position type="Vector">0, 0, 0</Position>
            </HpNew01>
            <HpNew02>
               <Orientation type="Matrix">
                    1.0000000000,   0.0000000000,   0.0000000000,
                    0.0000000000,   1.0000000000,   0.0000000000,
                    0.0000000000,   0.0000000000,   1.0000000000
               </Orientation>
               <Position type="Vector">0, 0, 0</Position>
            </HpNew02>
            <HpNew03>
               <Orientation type="Matrix">
                    1.0000000000,   0.0000000000,   0.0000000000,
                    0.0000000000,   1.0000000000,   0.0000000000,
                    0.0000000000,   0.0000000000,   1.0000000000
               </Orientation>
               <Position type="Vector">0, 0, 0</Position>
            </HpNew03>
            <HpNew04>
               <Orientation type="Matrix">
                    1.0000000000,   0.0000000000,   0.0000000000,
                    0.0000000000,   1.0000000000,   0.0000000000,
                    0.0000000000,   0.0000000000,   1.0000000000
               </Orientation>
               <Position type="Vector">0, 0, 0</Position>
            </HpNew04>
            <HpTractor_Source>
               <Orientation type="Matrix">
                    1.0000000000,   0.0000000000,   0.0000000000,
                    0.0000000000,   1.0000000000,   0.0000000000,
                    0.0000000000,   0.0000000000,   1.0000000000
               </Orientation>
               <Position type="Vector">-237.99999e-6, -64e-6, -15.948257</Position>
            </HpTractor_Source>
            <HpDocklight01>
               <Orientation type="Matrix">
                    1.0000000000,   0.0000000000,   0.0000000000,
                    0.0000000000,   1.0000000000,   0.0000000000,
                    0.0000000000,   0.0000000000,   1.0000000000
               </Orientation>
               <Position type="Vector">0.001968, 8.686244, -3.880614</Position>
            </HpDocklight01>
            <HpBayDoor01>
               <Orientation type="Matrix">
                    1.0000000000,   0.0000000000,   0.0000000000,
                    0.0000000000,   1.0000000000,   0.0000000000,
                    0.0000000000,   0.0000000000,   1.0000000000
               </Orientation>
               <Position type="Vector">0, -8, 0</Position>
            </HpBayDoor01>
            <HpBayDoor02>
               <Orientation type="Matrix">
                    1.0000000000,   0.0000000000,   0.0000000000,
                    0.0000000000,   1.0000000000,   0.0000000000,
                    0.0000000000,   0.0000000000,   1.0000000000
               </Orientation>
               <Position type="Vector">0, -10, 0</Position>
            </HpBayDoor02>
            <HpShield02>
               <Orientation type="Matrix">
                    1.0000000000,   0.0000000000,   0.0000000000,
                    0.0000000000,   1.0000000000,   0.0000000000,
                    0.0000000000,   0.0000000000,   1.0000000000
               </Orientation>
               <Position type="Vector">0, 0, 0</Position>
            </HpShield02>
         </Fixed>
         <Revolute>
            <HpWeapon01>
               <Axis type="Vector">0, 1, 0</Axis>
               <Max type="float">0.78539819</Max>
               <Min type="float">-0.78539819</Min>
               <Orientation type="Matrix">
                    1.0000000000,   0.0000000000,   0.0000000000,
                    0.0000000000,   0.9659258100,   0.2588190700,
                    0.0000000000,  -0.2588190700,   0.9659258100
               </Orientation>
               <Position type="Vector">0, 8.6854935, -3.8902495</Position>
            </HpWeapon01>
            <HpWeapon02>
               <Axis type="Vector">0, 1, 0</Axis>
               <Max type="float">0.78539819</Max>
               <Min type="float">-0.78539819</Min>
               <Orientation type="Matrix">
                   -0.5000003600,  -0.8365163200,  -0.2241438600,
                    0.8660253900,  -0.4829632600,  -0.1294095800,
                  -7.4505806e-09,  -0.2588190700,   0.9659258700
               </Orientation>
               <Position type="Vector">-7.5225148, -4.3434291, -3.8902495</Position>
            </HpWeapon02>
            <HpWeapon03>
               <Axis type="Vector">0, 1, 0</Axis>
               <Max type="float">0.78539819</Max>
               <Min type="float">-0.78539819</Min>
               <Orientation type="Matrix">
                   -0.5000003600,   0.8365163200,   0.2241438600,
                   -0.8660253900,  -0.4829632600,  -0.1294095800,
                   7.4505806e-09,  -0.2588190700,   0.9659258700
               </Orientation>
               <Position type="Vector">7.5225148, -4.3434291, -3.8902495</Position>
            </HpWeapon03>
            <HpTorpedo01>
               <Axis type="Vector">0, 1, 0</Axis>
               <Max type="float">0.78539819</Max>
               <Min type="float">-0.78539819</Min>
               <Orientation type="Matrix">
                    0.4226182100,  -0.9063078200,  -0.0000000000,
                    0.9063078200,   0.4226182100,   0.0000000000,
                    0.0000000000,  -0.0000000000,   1.0000000000
               </Orientation>
               <Position type="Vector">-3.319334, 1.9424011, -4.5512848</Position>
            </HpTorpedo01>
            <HpTorpedo02>
               <Axis type="Vector">0, 1, 0</Axis>
               <Max type="float">0.78539819</Max>
               <Min type="float">-0.78539819</Min>
               <Orientation type="Matrix">
                    0.4226182100,   0.9063078200,   0.0000000000,
                   -0.9063078200,   0.4226182100,   0.0000000000,
                    0.0000000000,   0.0000000000,   1.0000000000
               </Orientation>
               <Position type="Vector">3.333266, 1.931227, -4.539752</Position>
            </HpTorpedo02>
            <HpWeapon04>
               <Axis type="Vector">0, 1, 0</Axis>
               <Max type="float">0.78539819</Max>
               <Min type="float">-0.78539819</Min>
               <Orientation type="Matrix">
                   -1.0000000000, -84.443919e-09,  22.626683e-09,
                   87.422784e-09,  -0.9659259300,   0.2588190700,
                  -888.17842e-18,   0.2588190700,   0.9659258100
               </Orientation>
               <Position type="Vector">0, -5.0163746, 0.99781495</Position>
            </HpWeapon04>
            <HpWeapon05>
               <Axis type="Vector">0, 1, 0</Axis>
               <Max type="float">0.78539819</Max>
               <Min type="float">-0.78539819</Min>
               <Orientation type="Matrix">
                    1.0000000000,   0.0000000000,   0.0000000000,
                    0.0000000000,   1.0000000000,   0.0000000000,
                    0.0000000000,   0.0000000000,   1.0000000000
               </Orientation>
               <Position type="Vector">0, 3.8514681, -4.5517001</Position>
            </HpWeapon05>
            <HpNew05>
               <Axis type="Vector">0, 1, 0</Axis>
               <Max type="float">0.78539819</Max>
               <Min type="float">-0.78539819</Min>
               <Orientation type="Matrix">
                    1.0000000000,   0.0000000000,   0.0000000000,
                    0.0000000000,   1.0000000000,   0.0000000000,
                    0.0000000000,   0.0000000000,   1.0000000000
               </Orientation>
               <Position type="Vector">0, 0, 0</Position>
            </HpNew05>
            <HpTurret01>
               <Axis type="Vector">0, 1, 0</Axis>
               <Max type="float">1.0471976</Max>
               <Min type="float">-1.0471976</Min>
               <Orientation type="Matrix">
                   59.604645e-09,  -0.9999998800,  -0.0000000000,
                    0.9999998800,  59.604645e-09,   0.0000000000,
                    0.0000000000,  -0.0000000000,   1.0000000000
               </Orientation>
               <Position type="Vector">-2.994024, 0.001665, -6.454124</Position>
            </HpTurret01>
            <HpTurret02>
               <Axis type="Vector">0, 1, 0</Axis>
               <Max type="float">1.0471976</Max>
               <Min type="float">-1.0471976</Min>
               <Orientation type="Matrix">
                   59.604645e-09,   0.9999998800,   0.0000000000,
                   -0.9999998800,  59.604645e-09,   0.0000000000,
                    0.0000000000,   0.0000000000,   1.0000000000
               </Orientation>
               <Position type="Vector">2.9946499, 0.003775, -6.4538889</Position>
            </HpTurret02>
            <HpTorpedo03>
               <Axis type="Vector">0, 1, 0</Axis>
               <Max type="float">0.78539819</Max>
               <Min type="float">-0.78539819</Min>
               <Orientation type="Matrix">
                   -0.5735763300,  -0.8191520000,  -0.0000000000,
                    0.8191520000,  -0.5735763300,   0.0000000000,
                    0.0000000000,  -0.0000000000,   1.0000000000
               </Orientation>
               <Position type="Vector">-3.3406219, -1.921948, -4.5485172</Position>
            </HpTorpedo03>
            <HpTorpedo04>
               <Axis type="Vector">0, 1, 0</Axis>
               <Max type="float">0.78539819</Max>
               <Min type="float">-0.78539819</Min>
               <Orientation type="Matrix">
                   -0.5735763300,   0.8191520000,   0.0000000000,
                   -0.8191520000,  -0.5735763300,   0.0000000000,
                    0.0000000000,   0.0000000000,   1.0000000000
               </Orientation>
               <Position type="Vector">3.3392019, -1.927806, -4.552176</Position>
            </HpTorpedo04>
            <HpTorpedo05>
               <Axis type="Vector">0, 1, 0</Axis>
               <Max type="float">0.78539819</Max>
               <Min type="float">-0.78539819</Min>
               <Orientation type="Matrix">
                   -0.8660253300,  -0.5000000000,  -0.0000000000,
                    0.5000000000,  -0.8660253300,   0.0000000000,
                    0.0000000000,  -0.0000000000,   1.0000000000
               </Orientation>
               <Position type="Vector">-0.518682, -3.6158569, -4.5511699</Position>
            </HpTorpedo05>
            <HpTorpedo06>
               <Axis type="Vector">0, 1, 0</Axis>
               <Max type="float">0.78539819</Max>
               <Min type="float">-0.78539819</Min>
               <Orientation type="Matrix">
                   -0.8660253300,   0.5000000000,   0.0000000000,
                   -0.5000000000,  -0.8660253300,   0.0000000000,
                    0.0000000000,   0.0000000000,   1.0000000000
               </Orientation>
               <Position type="Vector">0.51340401, -3.6075101, -4.552104</Position>
            </HpTorpedo06>
         </Revolute>
      </Hardpoints>
   </UTF_ROOT>
</UTFXML>
