<?xml version="1.0" encoding="ISO-8859-1"?>
<!-- XML generated by UTFXML Version 2.2 built 19-Aug-2010 -->
<UTFXML filename="transport_armored_nobay.3db" path="SHIPS\UTILITY\TRANSPORT_ARMORED">
   <UTF_ROOT>
      <VMeshLibrary>
         <data.ships.utility.transport_armored.transport_armored_nobay.lod0-112.vms include="transport_armored_nobay_3db\lod0-112.vms.xml"/>
         <data.ships.utility.transport_armored.transport_armored_nobay.lod1-112.vms include="transport_armored_nobay_3db\lod1-112.vms.xml"/>
         <data.ships.utility.transport_armored.transport_armored_nobay.lod2-112.vms include="transport_armored_nobay_3db\lod2-112.vms.xml"/>
      </VMeshLibrary>
      <Exporter_Version name="Exporter Version" type="text">Aug 24 2002 12:33:14</Exporter_Version>
      <Hardpoints>
         <Fixed>
            <HpBayDoor01>
               <Orientation type="Matrix">
                    1.0000000000,  20.663288e-18,  109.50018e-18,
                  -20.663288e-18,   1.0000000000,  177.30038e-18,
                  -109.50018e-18, -177.30038e-18,   1.0000000000
               </Orientation>
               <Position type="Vector">-9.0701797e-6, -4.7225251, 3.3253796</Position>
            </HpBayDoor01>
            <HpBayDoor02>
               <Orientation type="Matrix">
                    1.0000000000,  20.663288e-18,  109.50018e-18,
                  -20.663288e-18,   1.0000000000,  177.30038e-18,
                  -109.50018e-18, -177.30038e-18,   1.0000000000
               </Orientation>
               <Position type="Vector">-9.0734466e-6, -6.5011201, 3.3253794</Position>
            </HpBayDoor02>
            <HpContrail01>
               <Orientation type="Matrix">
                    1.0000000000, -10.193388e-15,  168.58738e-09,
                   10.193388e-15,   1.0000000000, -132.41191e-18,
                  -168.58738e-09,  132.41363e-18,   1.0000000000
               </Orientation>
               <Position type="Vector">-11.118044, 0.81726426, 9.6368961</Position>
            </HpContrail01>
            <HpContrail02>
               <Orientation type="Matrix">
                    1.0000000000, -90.359013e-18,  109.50018e-18,
                   90.359013e-18,   1.0000000000,  177.30038e-18,
                  -109.50018e-18, -177.30038e-18,   1.0000000000
               </Orientation>
               <Position type="Vector">11.134887, 0.81726426, 9.6368933</Position>
            </HpContrail02>
            <HpDocklight01>
               <Orientation type="Matrix">
                  -119.20930e-09,  6.9737421e-15,   1.0000000000,
                   59.604641e-09,   1.0000000000,  131.68570e-18,
                   -1.0000000000,  59.604641e-09, -119.20930e-09
               </Orientation>
               <Position type="Vector">-7.4926772, 0.72292572, -1.9943002</Position>
            </HpDocklight01>
            <HpDocklight02>
               <Orientation type="Matrix">
                   59.604645e-09,  3.3100057e-15,  -1.0000000000,
                  -59.604641e-09,   1.0000000000, -242.70768e-18,
                    1.0000000000,  59.604641e-09,  59.604645e-09
               </Orientation>
               <Position type="Vector">7.6112537, 0.72292554, -1.9943018</Position>
            </HpDocklight02>
            <HpEngine01>
               <Orientation type="Matrix">
                    1.0000000000, -29.765472e-09,  76.398216e-09,
                   29.765463e-09,   1.0000000000,  110.25855e-09,
                  -76.398216e-09, -110.25855e-09,   1.0000000000
               </Orientation>
               <Position type="Vector">1.9004825, -1.0397186, 15.187828</Position>
            </HpEngine01>
            <HpEngine02>
               <Orientation type="Matrix">
                    1.0000000000, -29.765472e-09,  76.398216e-09,
                   29.765463e-09,   1.0000000000,  110.25855e-09,
                  -76.398216e-09, -110.25855e-09,   1.0000000000
               </Orientation>
               <Position type="Vector">-1.8578022, -1.0397185, 15.187827</Position>
            </HpEngine02>
            <HpHeadlight01>
               <Orientation type="Matrix">
                    1.0000000000,  20.663288e-18,  109.50018e-18,
                  -20.663288e-18,   1.0000000000,  177.30038e-18,
                  -109.50018e-18, -177.30038e-18,   1.0000000000
               </Orientation>
               <Position type="Vector">-10.038687e-6, -1.0149969, -15.146898</Position>
            </HpHeadlight01>
            <HpMount>
               <Orientation type="Matrix">
                    1.0000000000,  20.663288e-18,  109.50018e-18,
                  -20.663288e-18,   1.0000000000,  177.30038e-18,
                  -109.50018e-18, -177.30038e-18,   1.0000000000
               </Orientation>
               <Position type="Vector">-10.03871e-6, -1.0149969, -21.854126</Position>
            </HpMount>
            <HpRunningLight01>
               <Orientation type="Matrix">
                    1.0000000000, -20.641336e-09,  47.751865e-09,
                   20.641334e-09,   1.0000000000,  49.941807e-09,
                  -47.751865e-09, -49.941807e-09,   1.0000000000
               </Orientation>
               <Position type="Vector">1.6136891, -5.6964931, -20.677736</Position>
            </HpRunningLight01>
            <HpRunningLight02>
               <Orientation type="Matrix">
                    1.0000000000, -20.641336e-09,  47.751865e-09,
                   20.641334e-09,   1.0000000000,  49.941807e-09,
                  -47.751865e-09, -49.941807e-09,   1.0000000000
               </Orientation>
               <Position type="Vector">-1.6571131, -5.6964936, -20.677734</Position>
            </HpRunningLight02>
            <HpRunningLight03>
               <Orientation type="Matrix">
                   59.604645e-09,  3.4210280e-15,  -1.0000000000,
                  -59.604641e-09,   1.0000000000, -131.68538e-18,
                    1.0000000000,  59.604641e-09,  59.604645e-09
               </Orientation>
               <Position type="Vector">11.295013, 0.81726414, 6.8766303</Position>
            </HpRunningLight03>
            <HpRunningLight04>
               <Orientation type="Matrix">
                  -119.20930e-09,  6.9737421e-15,   1.0000000000,
                   59.604641e-09,   1.0000000000,  131.68570e-18,
                   -1.0000000000,  59.604641e-09, -119.20930e-09
               </Orientation>
               <Position type="Vector">-11.238907, 0.8172642, 6.8766327</Position>
            </HpRunningLight04>
            <HpRunningLight05>
               <Orientation type="Matrix">
                   76.889840e-09,  46.020279e-09,   1.0000000000,
                   24.080382e-09,   1.0000000000, -46.020283e-09,
                   -1.0000000000,  24.080386e-09,  76.889840e-09
               </Orientation>
               <Position type="Vector">-9.8739042, -7.1085577, 8.1818094</Position>
            </HpRunningLight05>
            <HpRunningLight06>
               <Orientation type="Matrix">
                   179.00383e-09,  5.1038902e-09,  -1.0000000000,
                  -81.422073e-09,   1.0000000000,  5.1038755e-09,
                    1.0000000000,  81.422073e-09,  179.00383e-09
               </Orientation>
               <Position type="Vector">9.9193382, -7.1085577, 8.1818104</Position>
            </HpRunningLight06>
            <HpRunningLight07>
               <Orientation type="Matrix">
                   -1.0000000000,  20.663288e-18, -109.50018e-18,
                   20.663288e-18,   1.0000000000, -177.30038e-18,
                   109.50018e-18, -177.30038e-18,  -1.0000000000
               </Orientation>
               <Position type="Vector">-0.04117173, -2.6763806, 15.171206</Position>
            </HpRunningLight07>
            <HpRunningLight08>
               <Orientation type="Matrix">
                   -1.0000000000,  20.663288e-18, -109.50018e-18,
                   20.663288e-18,   1.0000000000, -177.30038e-18,
                   109.50018e-18, -177.30038e-18,  -1.0000000000
               </Orientation>
               <Position type="Vector">-0.041171968, 5.1009722, 10.398632</Position>
            </HpRunningLight08>
            <HpRunningLight09>
               <Orientation type="Matrix">
                    0.4848095200, -87.809077e-09,   0.8746197800,
                   51.950373e-09,   1.0000000000,  71.600304e-09,
                   -0.8746197800,  10.724315e-09,   0.4848095200
               </Orientation>
               <Position type="Vector">-8.7238407, -4.2210875, -13.162374</Position>
            </HpRunningLight09>
            <HpRunningLight10>
               <Orientation type="Matrix">
                    0.2419219000, -104.89894e-09,  -0.9702957300,
                  -25.427649e-09,   1.0000000000, -114.45010e-09,
                    0.9702957300,  52.360328e-09,   0.2419219000
               </Orientation>
               <Position type="Vector">8.7384701, -4.2210875, -13.162375</Position>
            </HpRunningLight10>
            <HpTractor_Source>
               <Orientation type="Matrix">
                    1.0000000000,  20.663288e-18,  109.50018e-18,
                  -20.663288e-18,   1.0000000000,  177.30038e-18,
                  -109.50018e-18, -177.30038e-18,   1.0000000000
               </Orientation>
               <Position type="Vector">-10.038698e-6, -1.0149969, -11.030411</Position>
            </HpTractor_Source>
         </Fixed>
         <Revolute>
            <DpPort_eng>
               <Axis type="Vector">0, 1, 0</Axis>
               <Max type="float">6.2831855</Max>
               <Min type="float">-6.2831855</Min>
               <Orientation type="Matrix">
                   -1.0000000000,  87.422769e-09,  10.707173e-15,
                  -10.136038e-15, -238.41856e-09,   1.0000000000,
                   87.422769e-09,   1.0000000000,  238.41856e-09
               </Orientation>
               <Position type="Vector">-1.8649207, -1.0410479, 14.403011</Position>
            </DpPort_eng>
            <DpPort_fin>
               <Axis type="Vector">0, 1, 0</Axis>
               <Max type="float">6.2831855</Max>
               <Min type="float">-6.2831855</Min>
               <Orientation type="Matrix">
                  -119.20929e-09,  -1.0000000000,  49.032094e-18,
                   238.41856e-09, -28.372676e-15,   1.0000000000,
                   -1.0000000000,  119.20929e-09,  238.41856e-09
               </Orientation>
               <Position type="Vector">-9.9350109, -2.0546041, 8.284174</Position>
            </DpPort_fin>
            <DpPort_sheild>
               <Axis type="Vector">0, 1, 0</Axis>
               <Max type="float">6.2831855</Max>
               <Min type="float">-6.2831855</Min>
               <Orientation type="Matrix">
                    1.0000000000,  109.50020e-18,  4.3092077e-15,
                  -4.3092077e-15,  119.20929e-09,   1.0000000000,
                   109.49968e-18,  -1.0000000000,  119.20929e-09
               </Orientation>
               <Position type="Vector">-3.5051916, -1.9685168, -10.889451</Position>
            </DpPort_sheild>
            <DpStar_eng>
               <Axis type="Vector">0, 1, 0</Axis>
               <Max type="float">6.2831855</Max>
               <Min type="float">-6.2831855</Min>
               <Orientation type="Matrix">
                   -1.0000000000,  87.422769e-09,  10.707173e-15,
                  -10.136038e-15, -238.41856e-09,   1.0000000000,
                   87.422769e-09,   1.0000000000,  238.41856e-09
               </Orientation>
               <Position type="Vector">1.8782562, -1.0410479, 14.403011</Position>
            </DpStar_eng>
            <DpStar_fin>
               <Axis type="Vector">0, 1, 0</Axis>
               <Max type="float">6.2831855</Max>
               <Min type="float">-6.2831855</Min>
               <Orientation type="Matrix">
                   238.41858e-09,   1.0000000000,  29.802321e-09,
                  -208.61626e-09, -29.802271e-09,   1.0000000000,
                    1.0000000000, -238.41858e-09,  208.61626e-09
               </Orientation>
               <Position type="Vector">9.9322548, -2.0546041, 8.2841711</Position>
            </DpStar_fin>
            <DpStar_sheild>
               <Axis type="Vector">0, 1, 0</Axis>
               <Max type="float">6.2831855</Max>
               <Min type="float">-6.2831855</Min>
               <Orientation type="Matrix">
                    1.0000000000,  109.50020e-18,  4.3092077e-15,
                  -4.3092077e-15,  119.20929e-09,   1.0000000000,
                   109.49968e-18,  -1.0000000000,  119.20929e-09
               </Orientation>
               <Position type="Vector">3.4982772, -1.9685168, -10.889452</Position>
            </DpStar_sheild>
            <HpTurret01>
               <Axis type="Vector">0, 1, 0</Axis>
               <Max type="float">2.61799</Max>
               <Min type="float">-2.61801</Min>
               <Orientation type="Matrix">
                  -48.181910e-09,  -0.9271838700,   0.3746066100,
                  -120.57116e-09,  -0.3746066100,  -0.9271838700,
                    1.0000000000, -89.840242e-09, -93.742372e-09
               </Orientation>
               <Position type="Vector">-9.4863586, -3.1901221, 8.2818985</Position>
            </HpTurret01>
            <HpTurret02>
               <Axis type="Vector">0, 1, 0</Axis>
               <Max type="float">2.61799</Max>
               <Min type="float">-2.61801</Min>
               <Orientation type="Matrix">
                  -49.980414e-09,   0.9271838100,  -0.3746067600,
                   538.21515e-09,  -0.3746067600,  -0.9271838100,
                   -1.0000000000, -247.96006e-09, -480.30137e-09
               </Orientation>
               <Position type="Vector">9.4864635, -3.1901228, 8.2818995</Position>
            </HpTurret02>
            <HpTurret03>
               <Axis type="Vector">0, 1, 0</Axis>
               <Max type="float">2.35618</Max>
               <Min type="float">-2.3562</Min>
               <Orientation type="Matrix">
                    0.0846574160,   0.0876654310,   0.9925461400,
                    0.7193397300,  -0.6946584000,  89.406967e-09,
                    0.6894805400,   0.7139778700,  -0.1218692200
               </Orientation>
               <Position type="Vector">-1.5289742, -3.4963901, 13.419925</Position>
            </HpTurret03>
            <HpTurret04>
               <Axis type="Vector">0, 1, 0</Axis>
               <Max type="float">2.35618</Max>
               <Min type="float">-2.3562</Min>
               <Orientation type="Matrix">
                    0.0876653790,  -0.0846572290,  -0.9925462000,
                   -0.6946582200,  -0.7193399700, -149.01163e-09,
                   -0.7139781100,   0.6894803600,  -0.1218690500
               </Orientation>
               <Position type="Vector">1.5810442, -3.4963901, 13.419925</Position>
            </HpTurret04>
            <HpTurret05>
               <Axis type="Vector">0, 1, 0</Axis>
               <Max type="float">0.69813001</Max>
               <Min type="float">-2.26893</Min>
               <Orientation type="Matrix">
                    1.0000000000,  20.663288e-18,  109.50018e-18,
                  -20.663288e-18,   1.0000000000,  177.30038e-18,
                  -109.50018e-18, -177.30038e-18,   1.0000000000
               </Orientation>
               <Position type="Vector">2.8873065, -0.25700197, -9.8101025</Position>
            </HpTurret05>
            <HpTurret06>
               <Axis type="Vector">0, 1, 0</Axis>
               <Max type="float">2.2689099</Max>
               <Min type="float">-0.69813997</Min>
               <Orientation type="Matrix">
                    1.0000000000,  20.663288e-18,  109.50018e-18,
                  -20.663288e-18,   1.0000000000,  177.30038e-18,
                  -109.50018e-18, -177.30038e-18,   1.0000000000
               </Orientation>
               <Position type="Vector">-2.8687358, -0.25700197, -9.8101015</Position>
            </HpTurret06>
            <HpTurret07>
               <Axis type="Vector">0, 1, 0</Axis>
               <Max type="float">6.2831855</Max>
               <Min type="float">-6.2831855</Min>
               <Orientation type="Matrix">
                    1.0000000000,  20.663288e-18,  109.50018e-18,
                  -20.663288e-18,   1.0000000000,  177.30038e-18,
                  -109.50018e-18, -177.30038e-18,   1.0000000000
               </Orientation>
               <Position type="Vector">-8.7540957e-6, 5.1102877, 8.9696484</Position>
            </HpTurret07>
            <HpTurret08>
               <Axis type="Vector">0, 1, 0</Axis>
               <Max type="float">1.22172</Max>
               <Min type="float">-0.7854</Min>
               <Orientation type="Matrix">
                  -21.438005e-09,   0.6946584600,   0.7193397300,
                  -80.307075e-09,  -0.7193397300,   0.6946584600,
                    1.0000000000, -42.875978e-09,  71.207197e-09
               </Orientation>
               <Position type="Vector">-0.57209861, -3.0938857, -2.6255174</Position>
            </HpTurret08>
            <HpTurret09>
               <Axis type="Vector">0, 1, 0</Axis>
               <Max type="float">1.22172</Max>
               <Min type="float">-0.7854</Min>
               <Orientation type="Matrix">
                   129.36357e-09,  -0.6946584600,  -0.7193397300,
                  -106.75041e-09,  -0.7193397300,   0.6946584600,
                   -1.0000000000, -13.073691e-09, -167.21143e-09
               </Orientation>
               <Position type="Vector">0.5641824, -3.0938857, -9.2750721</Position>
            </HpTurret09>
         </Revolute>
      </Hardpoints>
      <VMeshWire include="transport_armored_nobay_3db\transport_armored_nobay.vwd.xml"/>
      <MultiLevel>
         <Level0>
            <VMeshPart>
               <VMeshRef type="VMeshRef">
                  <!-- header size  --> 60,
                  <!-- vmesh lib    --> data.ships.utility.transport_armored.transport_armored_nobay.lod0-112.vms,
                  <!-- start vert   --> 0,
                  <!-- num verts    --> 2527,
                  <!-- start index  --> 0,
                  <!-- num indices  --> 3690,
                  <!-- start mesh   --> 0,
                  <!-- num meshes   --> 8,
                  <!-- bounding box -->  11.196781,      5.1099334,  15.395927,
                                        -11.196779,     -7.2804375, -20.659008,
                  <!-- center       -->  -0.0062947287, -1.2005912,  -2.9028199,
                  <!-- radius       --> 18.625643
               </VMeshRef>
            </VMeshPart>
         </Level0>
         <Level1>
            <VMeshPart>
               <VMeshRef type="VMeshRef">
                  <!-- header size  --> 60,
                  <!-- vmesh lib    --> data.ships.utility.transport_armored.transport_armored_nobay.lod1-112.vms,
                  <!-- start vert   --> 0,
                  <!-- num verts    --> 1130,
                  <!-- start index  --> 0,
                  <!-- num indices  --> 1506,
                  <!-- start mesh   --> 0,
                  <!-- num meshes   --> 1,
                  <!-- bounding box -->  11.196781,      5.1099334,  15.395927,
                                        -11.196779,     -7.2804375, -20.659008,
                  <!-- center       -->  -0.0062947287, -1.2005912,  -2.9028199,
                  <!-- radius       --> 18.625643
               </VMeshRef>
            </VMeshPart>
         </Level1>
         <Level2>
            <VMeshPart>
               <VMeshRef type="VMeshRef">
                  <!-- header size  --> 60,
                  <!-- vmesh lib    --> data.ships.utility.transport_armored.transport_armored_nobay.lod2-112.vms,
                  <!-- start vert   --> 0,
                  <!-- num verts    --> 664,
                  <!-- start index  --> 0,
                  <!-- num indices  --> 831,
                  <!-- start mesh   --> 0,
                  <!-- num meshes   --> 1,
                  <!-- bounding box -->  11.196781,      5.1099334,  15.395927,
                                        -11.196779,     -7.2804375, -20.659008,
                  <!-- center       -->  -0.0062947287, -1.2005912,  -2.9028199,
                  <!-- radius       --> 18.625643
               </VMeshRef>
            </VMeshPart>
         </Level2>
         <Switch2 type="float array" count="4">
            0,
            100,
            1000,
            1000000
         </Switch2>
      </MultiLevel>
   </UTF_ROOT>
</UTFXML>
