<?xml version="1.0" encoding="ISO-8859-1"?>
<!-- XML generated by UTFXML Version 2.2 built 19-Aug-2010 -->
<UTFXML filename="no_fighter.3db" path="SHIPS\NOMAD\NO_FIGHTER">
   <UTF_ROOT>
      <VMeshLibrary>
         <data.ships.nomad.no_fighter.no_fighter.lod0-112.vms include="no_fighter_3db\lod0-112.vms.xml"/>
         <data.ships.nomad.no_fighter.no_fighter.lod1-112.vms include="no_fighter_3db\lod1-112.vms.xml"/>
         <data.ships.nomad.no_fighter.no_fighter.lod2-112.vms include="no_fighter_3db\lod2-112.vms.xml"/>
      </VMeshLibrary>
      <Exporter_Version name="Exporter Version" type="text">Nov  5 2002 11:41:55</Exporter_Version>
      <VMeshWire include="no_fighter_3db\no_fighter.vwd.xml"/>
      <MultiLevel>
         <Switch2 type="float array" count="4">
            0,
            100,
            1000,
            1000000
         </Switch2>
         <Level0>
            <VMeshPart>
               <VMeshRef type="VMeshRef">
                  <!-- header size  --> 60,
                  <!-- vmesh lib    --> data.ships.nomad.no_fighter.no_fighter.lod0-112.vms,
                  <!-- start vert   --> 0,
                  <!-- num verts    --> 850,
                  <!-- start index  --> 0,
                  <!-- num indices  --> 3366,
                  <!-- start mesh   --> 0,
                  <!-- num meshes   --> 2,
                  <!-- bounding box -->  4.7663407,     5.5185685,  8.6119127,
                                        -4.7733617,    -2.7442462, -8.6119118,
                  <!-- center       --> -0.0034666329,  1.3698367,  0.0013605866,
                  <!-- radius       --> 8.7215204
               </VMeshRef>
            </VMeshPart>
         </Level0>
         <Level1>
            <VMeshPart>
               <VMeshRef type="VMeshRef">
                  <!-- header size  --> 60,
                  <!-- vmesh lib    --> data.ships.nomad.no_fighter.no_fighter.lod1-112.vms,
                  <!-- start vert   --> 0,
                  <!-- num verts    --> 497,
                  <!-- start index  --> 0,
                  <!-- num indices  --> 1728,
                  <!-- start mesh   --> 0,
                  <!-- num meshes   --> 2,
                  <!-- bounding box -->  4.7663407,     5.5185685,  8.6119127,
                                        -4.7733617,    -2.7442462, -8.6119118,
                  <!-- center       --> -0.0034666329,  1.3698367,  0.0013605866,
                  <!-- radius       --> 8.7215204
               </VMeshRef>
            </VMeshPart>
         </Level1>
         <Level2>
            <VMeshPart>
               <VMeshRef type="VMeshRef">
                  <!-- header size  --> 60,
                  <!-- vmesh lib    --> data.ships.nomad.no_fighter.no_fighter.lod2-112.vms,
                  <!-- start vert   --> 0,
                  <!-- num verts    --> 234,
                  <!-- start index  --> 0,
                  <!-- num indices  --> 930,
                  <!-- start mesh   --> 0,
                  <!-- num meshes   --> 1,
                  <!-- bounding box -->  4.7663407,     5.5185685,  8.6119127,
                                        -4.7733617,    -2.7442462, -8.6119118,
                  <!-- center       --> -0.0034666329,  1.3698367,  0.0013605866,
                  <!-- radius       --> 8.7215204
               </VMeshRef>
            </VMeshPart>
         </Level2>
      </MultiLevel>
      <Hardpoints>
         <Fixed>
            <HpFx01>
               <Position type="Vector">-0.0036523421, 0.015110981, -6.3547316</Position>
               <Orientation type="Matrix">
                    1.0000000000, -171.90632e-09, -1.1257463e-06,
                   171.90607e-09,   1.0000000000, -232.76894e-09,
                   1.1257463e-06,  232.76874e-09,   1.0000000000
               </Orientation>
            </HpFx01>
            <HpBayDoor01>
               <Position type="Vector">-0.0029331681, -2.3845031, -1.8439053</Position>
               <Orientation type="Matrix">
                    1.0000000000,  204.49187e-09, -85.148208e-09,
                  -204.49185e-09,   1.0000000000,  174.83228e-09,
                   85.148244e-09, -174.83227e-09,   1.0000000000
               </Orientation>
            </HpBayDoor01>
            <HpBayDoor02>
               <Position type="Vector">-0.0029332191, -2.7210209, -0.35493651</Position>
               <Orientation type="Matrix">
                    1.0000000000,  204.49187e-09, -85.148208e-09,
                  -204.49185e-09,   1.0000000000,  174.83228e-09,
                   85.148244e-09, -174.83227e-09,   1.0000000000
               </Orientation>
            </HpBayDoor02>
            <HpMount>
               <Position type="Vector">-0.0029332617, -2.7210207, 1.3957461</Position>
               <Orientation type="Matrix">
                    1.0000000000,  197.44945e-09, -76.052629e-09,
                  -197.44944e-09,   1.0000000000,  124.10027e-09,
                   76.052650e-09, -124.10025e-09,   1.0000000000
               </Orientation>
            </HpMount>
            <HpEngine01>
               <Position type="Vector">-0.0027753431, 0.0042820354, 8.8218908</Position>
               <Orientation type="Matrix">
                    1.0000000000, -159.05512e-09, -189.41198e-09,
                   159.05505e-09,   1.0000000000, -412.24695e-09,
                   189.41205e-09,  412.24692e-09,   1.0000000000
               </Orientation>
            </HpEngine01>
            <HpCockpit>
               <Position type="Vector">-0.0016508104, -4.827033, 2.0742614</Position>
               <Orientation type="Matrix">
                    1.0000000000,  66.818259e-09,  277.38471e-09,
                  -66.818295e-09,   1.0000000000,  133.22564e-09,
                  -277.38471e-09, -133.22565e-09,   1.0000000000
               </Orientation>
            </HpCockpit>
            <HpCockpitex>
               <Position type="Vector">-0.0019181492, 10.599577, 46.1129</Position>
               <Orientation type="Matrix">
                    1.0000000000,  66.818508e-09, -128.11239e-09,
                  -66.818465e-09,   1.0000000000,  334.50593e-09,
                   128.11242e-09, -334.50593e-09,   1.0000000000
               </Orientation>
            </HpCockpitex>
            <HpHeadlight>
               <Position type="Vector">-0.0035760405, -7.390058, 2.074261</Position>
               <Orientation type="Matrix">
                    1.0000000000,  66.818259e-09,  277.38471e-09,
                  -66.818295e-09,   1.0000000000,  133.22564e-09,
                  -277.38471e-09, -133.22565e-09,   1.0000000000
               </Orientation>
            </HpHeadlight>
            <HpPilot>
               <Position type="Vector">-0.0051413774, -3.9056106, 2.0742614</Position>
               <Orientation type="Matrix">
                    1.0000000000,  66.818259e-09,  277.38471e-09,
                  -66.818295e-09,   1.0000000000,  133.22564e-09,
                  -277.38471e-09, -133.22565e-09,   1.0000000000
               </Orientation>
            </HpPilot>
            <HpCloak01>
               <Position type="Vector">-0.0028236385, 0.0095321778, 2.0774159</Position>
               <Orientation type="Matrix">
                    1.0000000000,  7.4505797e-09, -22.351738e-09,
                  -7.4505815e-09,   1.0000000000, -89.406967e-09,
                   22.351738e-09,  89.406967e-09,   1.0000000000
               </Orientation>
            </HpCloak01>
            <HpThruster01>
               <Position type="Vector">-0.0027752561, 0.0042822254, 8.3623581</Position>
               <Orientation type="Matrix">
                    1.0000000000, -159.05512e-09, -189.41198e-09,
                   159.05505e-09,   1.0000000000, -412.24695e-09,
                   189.41205e-09,  412.24692e-09,   1.0000000000
               </Orientation>
            </HpThruster01>
         </Fixed>
         <Revolute>
            <HpConnect>
               <Position type="Vector">-0.0036497738, 0.015111715, -9.1078968</Position>
               <Orientation type="Matrix">
                    1.0000000000, -190.43271e-09, -978.69736e-09,
                   190.43247e-09,   1.0000000000, -240.49729e-09,
                   978.69736e-09,  240.49709e-09,   1.0000000000
               </Orientation>
               <Axis type="Vector">0, 1, 0</Axis>
               <Min type="float">-6.2831855</Min>
               <Max type="float">6.2831855</Max>
            </HpConnect>
            <HpWeapon01>
               <Position type="Vector">-0.0032401949, 5.4910769, 2.2053282</Position>
               <Orientation type="Matrix">
                    1.0000000000, -880.06720e-09, -172.47717e-09,
                   880.06720e-09,   1.0000000000,  61.649821e-09,
                   172.47712e-09, -61.649970e-09,   1.0000000000
               </Orientation>
               <Axis type="Vector">0, 1, 0</Axis>
               <Min type="float">-0.38397998</Min>
               <Max type="float">0.38395998</Max>
            </HpWeapon01>
            <HpWeapon02>
               <Position type="Vector">4.7513371, -2.7205861, 2.2053292</Position>
               <Orientation type="Matrix">
                   -0.4999991100,   0.8660259200, -272.18283e-09,
                   -0.8660259200,  -0.4999991100, -26.370817e-09,
                  -158.92898e-09,  222.53201e-09,   1.0000000000
               </Orientation>
               <Axis type="Vector">0, 1, 0</Axis>
               <Min type="float">-0.38397998</Min>
               <Max type="float">0.38395998</Max>
            </HpWeapon02>
            <HpWeapon03>
               <Position type="Vector">-4.7622166, -2.7205877, 2.205328</Position>
               <Orientation type="Matrix">
                   -0.5000009500,  -0.8660248500, -229.58460e-09,
                    0.8660248500,  -0.5000009500, -90.598924e-09,
                  -36.331599e-09, -244.12552e-09,   1.0000000000
               </Orientation>
               <Axis type="Vector">0, 1, 0</Axis>
               <Min type="float">-0.38397998</Min>
               <Max type="float">0.38395998</Max>
            </HpWeapon03>
            <HpTorpedo01>
               <Position type="Vector">-0.0036515391, 0.015111146, -7.0680504</Position>
               <Orientation type="Matrix">
                    1.0000000000, -171.90632e-09, -1.1257463e-06,
                   171.90607e-09,   1.0000000000, -232.76894e-09,
                   1.1257463e-06,  232.76874e-09,   1.0000000000
               </Orientation>
               <Axis type="Vector">0, 1, 0</Axis>
               <Min type="float">-0.5236</Min>
               <Max type="float">0.52358001</Max>
            </HpTorpedo01>
         </Revolute>
      </Hardpoints>
      <Material_library name="Material library">
         <Material_count name="Material count" type="int">2</Material_count>
         <Nomad_surface name="Nomad surface">
            <Type type="text">DcDtBtOcOtTwo</Type>
            <Dt_name type="text">N-dtl2-256.TGA</Dt_name>
            <Dt_flags type="int">0x40</Dt_flags>
            <Bt_name type="text">Nomad_gradiant1.tga</Bt_name>
            <Bt_flags type="int">0x40</Bt_flags>
            <Oc type="float">0.6</Oc>
         </Nomad_surface>
         <Nomad_frame name="Nomad frame">
            <Type type="text">DcDtBtOcOtTwo</Type>
            <Dt_name type="text">N-dtl1-64.tga</Dt_name>
            <Dt_flags type="int">0x40</Dt_flags>
            <Bt_name type="text">Nomad_gradiant3.tga</Bt_name>
            <Bt_flags type="int">0x40</Bt_flags>
            <Oc type="float">0.8</Oc>
         </Nomad_frame>
      </Material_library>
      <Texture_library name="Texture library">
         <Nomad_gradiant3.tga>
            <MIPS type="file" filename="no_fighter_3db\Nomad_gradiant3.dds"/>
         </Nomad_gradiant3.tga>
         <N-dtl1-64.tga>
            <MIPS type="file" filename="no_fighter_3db\N-dtl1-64.dds"/>
         </N-dtl1-64.tga>
         <Nomad_gradiant1.tga>
            <MIPS type="file" filename="no_fighter_3db\Nomad_gradiant1.dds"/>
         </Nomad_gradiant1.tga>
         <N-dtl2-256.TGA>
            <MIPS type="file" filename="no_fighter_3db\N-dtl2-256.dds"/>
         </N-dtl2-256.TGA>
      </Texture_library>
   </UTF_ROOT>
</UTFXML>
