<?xml version="1.0" encoding="ISO-8859-1"?>
<!-- XML generated by UTFXML Version 2.2 built 19-Aug-2010 -->
<UTFXML filename="d_no2_artillery.3db" path="SHIPS\NOMAD\NO2_ARTILLERY">
   <UTF_ROOT>
      <VMeshLibrary>
         <d_no2_artillery.0.lod0.vms include="d_no2_artillery_3db\lod0.vms.xml"/>
      </VMeshLibrary>
      <VMeshPart>
         <VMeshRef type="VMeshRef">
            <!-- header size  --> 60,
            <!-- vmesh lib    --> d_no2_artillery.0.lod0.vms,
            <!-- start vert   --> 0,
            <!-- num verts    --> 6609,
            <!-- start index  --> 0,
            <!-- num indices  --> 26406,
            <!-- start mesh   --> 0,
            <!-- num meshes   --> 8,
            <!-- bounding box -->  68.132645,      78.672791,   306.08499,
                                  -68.132629,     -70.830124,  -320,
            <!-- center       -->   7.6293945e-6,   3.9213333,   -6.9575043,
            <!-- radius       --> 420.62354
         </VMeshRef>
      </VMeshPart>
      <Hardpoints>
         <Fixed>
            <HpEngine01>
               <Orientation type="Matrix">
                    1.0000000000,   0.0000000000,   0.0000000000,
                    0.0000000000,   1.0000000000,   0.0000000000,
                    0.0000000000,   0.0000000000,   1.0000000000
               </Orientation>
               <Position type="Vector">0, 0, 277</Position>
            </HpEngine01>
            <HpMount>
               <Orientation type="Matrix">
                    1.0000000000,   0.0000000000,   0.0000000000,
                    0.0000000000,   1.0000000000,   0.0000000000,
                    0.0000000000,   0.0000000000,   1.0000000000
               </Orientation>
               <Position type="Vector">0, -55, 0</Position>
            </HpMount>
            <HpPilot>
               <Orientation type="Matrix">
                    1.0000000000,   0.0000000000,   0.0000000000,
                    0.0000000000,   1.0000000000,   0.0000000000,
                    0.0000000000,   0.0000000000,   1.0000000000
               </Orientation>
               <Position type="Vector">0, 0, -100</Position>
            </HpPilot>
            <HpCockpit>
               <Orientation type="Matrix">
                    1.0000000000,   0.0000000000,   0.0000000000,
                    0.0000000000,   1.0000000000,   0.0000000000,
                    0.0000000000,   0.0000000000,   1.0000000000
               </Orientation>
               <Position type="Vector">0, 0, -265</Position>
            </HpCockpit>
            <HpTractor_Source01>
               <Orientation type="Matrix">
                    1.0000000000,   0.0000000000,   0.0000000000,
                    0.0000000000,   1.0000000000,   0.0000000000,
                    0.0000000000,   0.0000000000,   1.0000000000
               </Orientation>
               <Position type="Vector">0, 0, -250</Position>
            </HpTractor_Source01>
            <HpShield01>
               <Orientation type="Matrix">
                    1.0000000000,   0.0000000000,   0.0000000000,
                    0.0000000000,   1.0000000000,   0.0000000000,
                    0.0000000000,   0.0000000000,   1.0000000000
               </Orientation>
               <Position type="Vector">0, 0, 37.5</Position>
            </HpShield01>
            <HpCloak01>
               <Orientation type="Matrix">
                    1.0000000000,   0.0000000000,   0.0000000000,
                    0.0000000000,   1.0000000000,   0.0000000000,
                    0.0000000000,   0.0000000000,   1.0000000000
               </Orientation>
               <Position type="Vector">0, 0, 17.5</Position>
            </HpCloak01>
            <HpCM01>
               <Orientation type="Matrix">
                   -0.8191519400, -89.406967e-09,  -0.5735763900,
                    0.3289899500,  -0.8191519400,  -0.4698462200,
                   -0.4698462200,  -0.5735763900,   0.6710101400
               </Orientation>
               <Position type="Vector">0, 0, 305.25</Position>
            </HpCM01>
            <HpFX01>
               <Orientation type="Matrix">
                   -1.0000000000, -71.612547e-09,  50.143644e-09,
                   87.422777e-09,  -0.8191520000,   0.5735763900,
                    0.0000000000,   0.5735763900,   0.8191520600
               </Orientation>
               <Position type="Vector">0, -64.4505, 36.354</Position>
            </HpFX01>
            <HpFX02>
               <Orientation type="Matrix">
                   -1.0000000000, -29.900349e-09,  82.150542e-09,
                   87.422784e-09,  -0.3420201500,   0.9396926800,
                    0.0000000000,   0.9396926800,   0.3420200900
               </Orientation>
               <Position type="Vector">0, -56.672001, 44.633999</Position>
            </HpFX02>
            <HpFX03>
               <Orientation type="Matrix">
                    0.5000000000,  -0.7094063800,   0.4967317600,
                    0.8660253300,   0.4095760300,  -0.2867882300,
                   14.901161e-09,   0.5735763900,   0.8191520600
               </Orientation>
               <Position type="Vector">-56.248501, 32.474998, 36.354</Position>
            </HpFX03>
            <HpFX04>
               <Orientation type="Matrix">
                    0.5000000000,  -0.2961981600,   0.8137977100,
                    0.8660254500,   0.1710101100,  -0.4698463100,
                    0.0000000000,   0.9396926800,   0.3420201500
               </Orientation>
               <Position type="Vector">-49.079498, 28.336, 44.633999</Position>
            </HpFX04>
            <HpFX05>
               <Orientation type="Matrix">
                    0.5000000000,   0.7094063800,  -0.4967317600,
                   -0.8660253300,   0.4095760300,  -0.2867882300,
                  -14.901161e-09,   0.5735763900,   0.8191520600
               </Orientation>
               <Position type="Vector">56.248501, 32.474998, 36.354</Position>
            </HpFX05>
            <HpFX06>
               <Orientation type="Matrix">
                    0.5000000000,   0.2961981600,  -0.8137977100,
                   -0.8660254500,   0.1710101100,  -0.4698463100,
                    0.0000000000,   0.9396926800,   0.3420201500
               </Orientation>
               <Position type="Vector">49.079498, 28.336, 44.633999</Position>
            </HpFX06>
            <HpCM02>
               <Orientation type="Matrix">
                   -0.8191519400, -44.703484e-09,   0.5735763300,
                   -0.3289898000,  -0.8191519400,  -0.4698462500,
                    0.4698462500,  -0.5735763300,   0.6710101400
               </Orientation>
               <Position type="Vector">0, 0, 305</Position>
            </HpCM02>
            <HpRunningLight01>
               <Orientation type="Matrix">
                   59.604645e-09,  -0.0871559080,   0.9961946000,
                    0.9999998800,  119.20929e-09,  29.802322e-09,
                  -29.802322e-09,   0.9961946000,   0.0871559980
               </Orientation>
               <Position type="Vector">-51.5, 0, -107.8875</Position>
            </HpRunningLight01>
            <HpRunningLight02>
               <Orientation type="Matrix">
                   -0.8660253300,  -0.0435779690,   0.4980974200,
                    0.5000000000,  -0.0754792690,   0.8627298500,
                   14.901161e-09,   0.9961946600,   0.0871559380
               </Orientation>
               <Position type="Vector">-25.75, -44.601002, -107.8875</Position>
            </HpRunningLight02>
            <HpRunningLight03>
               <Orientation type="Matrix">
                   -0.8660253300,   0.0435779690,  -0.4980974200,
                   -0.5000000000,  -0.0754792690,   0.8627298500,
                  -14.901161e-09,   0.9961946600,   0.0871559380
               </Orientation>
               <Position type="Vector">25.7505, -44.601002, -107.8875</Position>
            </HpRunningLight03>
            <HpRunningLight04>
               <Orientation type="Matrix">
                   59.604645e-09,   0.0871559080,  -0.9961946000,
                   -0.9999998800,  119.20929e-09,  29.802322e-09,
                   29.802322e-09,   0.9961946000,   0.0871559980
               </Orientation>
               <Position type="Vector">51.5, 0, -107.8875</Position>
            </HpRunningLight04>
            <HpRunningLight05>
               <Orientation type="Matrix">
                    0.8660254500,   0.0435779540,  -0.4980973300,
                   -0.5000000000,   0.0754793060,  -0.8627298500,
                   29.802322e-09,   0.9961946600,   0.0871559750
               </Orientation>
               <Position type="Vector">25.7505, 44.601002, -107.8875</Position>
            </HpRunningLight05>
            <HpRunningLight06>
               <Orientation type="Matrix">
                    0.8660254500,  -0.0435779540,   0.4980973300,
                    0.5000000000,   0.0754793060,  -0.8627298500,
                  -29.802322e-09,   0.9961946600,   0.0871559750
               </Orientation>
               <Position type="Vector">-25.7505, 44.601002, -107.8875</Position>
            </HpRunningLight06>
            <HpRunningLight07>
               <Orientation type="Matrix">
                   59.604645e-09,   0.0871559080,   0.9961946000,
                    0.9999998800,  59.604645e-09,  29.802322e-09,
                   29.802322e-09,   0.9961946000,  -0.0871558190
               </Orientation>
               <Position type="Vector">-42.056, 0, 96.992996</Position>
            </HpRunningLight07>
            <HpRunningLight08>
               <Orientation type="Matrix">
                   -0.8660253300,   0.0435779690,   0.4980974200,
                    0.5000000000,   0.0754792690,   0.8627298500,
                  -14.901161e-09,   0.9961946600,  -0.0871559380
               </Orientation>
               <Position type="Vector">-21.028, -36.421501, 96.992996</Position>
            </HpRunningLight08>
            <HpRunningLight09>
               <Orientation type="Matrix">
                   -0.8660253300,  -0.0435779690,  -0.4980974200,
                   -0.5000000000,   0.0754792690,   0.8627298500,
                   14.901161e-09,   0.9961946600,  -0.0871559380
               </Orientation>
               <Position type="Vector">21.028, -36.421501, 96.992996</Position>
            </HpRunningLight09>
            <HpRunningLight10>
               <Orientation type="Matrix">
                   59.604645e-09,  -0.0871559080,  -0.9961946000,
                   -0.9999998800,  59.604645e-09,  29.802322e-09,
                  -29.802322e-09,   0.9961946000,  -0.0871558190
               </Orientation>
               <Position type="Vector">42.056, 0, 96.992996</Position>
            </HpRunningLight10>
            <HpRunningLight11>
               <Orientation type="Matrix">
                    0.8660254500,  -0.0435779540,  -0.4980973300,
                   -0.5000000000,  -0.0754792320,  -0.8627298500,
                  -29.802322e-09,   0.9961946600,  -0.0871559010
               </Orientation>
               <Position type="Vector">21.028, 36.421501, 96.992996</Position>
            </HpRunningLight11>
            <HpRunningLight12>
               <Orientation type="Matrix">
                    0.8660254500,   0.0435779540,   0.4980973300,
                    0.5000000000,  -0.0754792320,  -0.8627298500,
                   29.802322e-09,   0.9961946600,  -0.0871559010
               </Orientation>
               <Position type="Vector">-21.028, 36.421501, 96.992996</Position>
            </HpRunningLight12>
            <HpRunningLight13>
               <Orientation type="Matrix">
                    1.0000000000,   0.0000000000,   0.0000000000,
                    0.0000000000,  -0.2588189800,   0.9659256900,
                    0.0000000000,  -0.9659256900,  -0.2588189800
               </Orientation>
               <Position type="Vector">0, -24.0315, 174.186</Position>
            </HpRunningLight13>
            <HpRunningLight14>
               <Orientation type="Matrix">
                   -0.5000000000,  -0.2241438300,   0.8365161400,
                   -0.8660252100,   0.1294096700,  -0.4829630300,
                    0.0000000000,  -0.9659257500,  -0.2588189800
               </Orientation>
               <Position type="Vector">-20.812, 12.0155, 174.186</Position>
            </HpRunningLight14>
            <HpRunningLight15>
               <Orientation type="Matrix">
                   -0.5000000000,   0.2241438300,  -0.8365161400,
                    0.8660252100,   0.1294096700,  -0.4829630300,
                    0.0000000000,  -0.9659257500,  -0.2588189800
               </Orientation>
               <Position type="Vector">20.812, 12.0155, 174.186</Position>
            </HpRunningLight15>
            <HpShield02>
               <Orientation type="Matrix">
                    1.0000000000,   0.0000000000,   0.0000000000,
                    0.0000000000,   1.0000000000,   0.0000000000,
                    0.0000000000,   0.0000000000,   1.0000000000
               </Orientation>
               <Position type="Vector">0, 0, 37.5</Position>
            </HpShield02>
            <HpShield03>
               <Orientation type="Matrix">
                    1.0000000000,   0.0000000000,   0.0000000000,
                    0.0000000000,   1.0000000000,   0.0000000000,
                    0.0000000000,   0.0000000000,   1.0000000000
               </Orientation>
               <Position type="Vector">0, 0, 37.5</Position>
            </HpShield03>
            <HpFX07>
               <Orientation type="Matrix">
                    1.0000000000,   0.0000000000,   0.0000000000,
                    0.0000000000,   1.0000000000,   0.0000000000,
                    0.0000000000,   0.0000000000,   1.0000000000
               </Orientation>
               <Position type="Vector">0, 0, 0</Position>
            </HpFX07>
            <HpFX08>
               <Orientation type="Matrix">
                   59.604645e-09,   0.9999998800,   0.0000000000,
                   -0.9999998800,  59.604645e-09,   0.0000000000,
                    0.0000000000,   0.0000000000,   1.0000000000
               </Orientation>
               <Position type="Vector">0, 0, 0</Position>
            </HpFX08>
            <HpFX09>
               <Orientation type="Matrix">
                    1.0000000000,   0.0000000000,   0.0000000000,
                    0.0000000000,  59.604645e-09,   0.9999998800,
                    0.0000000000,  -0.9999998800,  59.604645e-09
               </Orientation>
               <Position type="Vector">0, 0, 0</Position>
            </HpFX09>
            <HpFX10>
               <Orientation type="Matrix">
                    1.0000000000,   0.0000000000,   0.0000000000,
                    0.0000000000,   1.0000000000,   0.0000000000,
                    0.0000000000,   0.0000000000,   1.0000000000
               </Orientation>
               <Position type="Vector">0, 0, 0</Position>
            </HpFX10>
            <HpFX11>
               <Orientation type="Matrix">
                    1.0000000000,   0.0000000000,   0.0000000000,
                    0.0000000000,   1.0000000000,   0.0000000000,
                    0.0000000000,   0.0000000000,   1.0000000000
               </Orientation>
               <Position type="Vector">0, 0, 0</Position>
            </HpFX11>
            <HpFX12>
               <Orientation type="Matrix">
                    1.0000000000,   0.0000000000,   0.0000000000,
                    0.0000000000,   1.0000000000,   0.0000000000,
                    0.0000000000,   0.0000000000,   1.0000000000
               </Orientation>
               <Position type="Vector">0, 0, 0</Position>
            </HpFX12>
            <HpFX13>
               <Orientation type="Matrix">
                    1.0000000000,   0.0000000000,   0.0000000000,
                    0.0000000000,   1.0000000000,   0.0000000000,
                    0.0000000000,   0.0000000000,   1.0000000000
               </Orientation>
               <Position type="Vector">0, 0, 0</Position>
            </HpFX13>
            <HpShield04>
               <Orientation type="Matrix">
                    1.0000000000,   0.0000000000,   0.0000000000,
                    0.0000000000,   1.0000000000,   0.0000000000,
                    0.0000000000,   0.0000000000,   1.0000000000
               </Orientation>
               <Position type="Vector">0, 0, 0</Position>
            </HpShield04>
            <HpShield05>
               <Orientation type="Matrix">
                    1.0000000000,   0.0000000000,   0.0000000000,
                    0.0000000000,   1.0000000000,   0.0000000000,
                    0.0000000000,   0.0000000000,   1.0000000000
               </Orientation>
               <Position type="Vector">0, 0, 0</Position>
            </HpShield05>
            <HpAGun01>
               <Orientation type="Matrix">
                    1.0000000000,   0.0000000000,   0.0000000000,
                    0.0000000000,   1.0000000000,   0.0000000000,
                    0.0000000000,   0.0000000000,   1.0000000000
               </Orientation>
               <Position type="Vector">0, 0, -265</Position>
            </HpAGun01>
            <HpAGun02>
               <Orientation type="Matrix">
                    1.0000000000,   0.0000000000,   0.0000000000,
                    0.0000000000,   1.0000000000,   0.0000000000,
                    0.0000000000,   0.0000000000,   1.0000000000
               </Orientation>
               <Position type="Vector">0, 0, -265</Position>
            </HpAGun02>
            <HpBGun01>
               <Orientation type="Matrix">
                    1.0000000000,   0.0000000000,   0.0000000000,
                    0.0000000000,   1.0000000000,   0.0000000000,
                    0.0000000000,   0.0000000000,   1.0000000000
               </Orientation>
               <Position type="Vector">0, 0, -265</Position>
            </HpBGun01>
            <HpBGun02>
               <Orientation type="Matrix">
                    1.0000000000,   0.0000000000,   0.0000000000,
                    0.0000000000,   1.0000000000,   0.0000000000,
                    0.0000000000,   0.0000000000,   1.0000000000
               </Orientation>
               <Position type="Vector">0, 0, -265</Position>
            </HpBGun02>
            <HpCockpit>
               <Orientation type="Matrix">
                    1.0000000000,   0.0000000000,   0.0000000000,
                    0.0000000000,   1.0000000000,   0.0000000000,
                    0.0000000000,   0.0000000000,   1.0000000000
               </Orientation>
               <Position type="Vector">0, 0, -250</Position>
            </HpCockpit>
            <HpBayDoor01>
               <Orientation type="Matrix">
                    1.0000000000,   0.0000000000,   0.0000000000,
                    0.0000000000,   1.0000000000,   0.0000000000,
                    0.0000000000,   0.0000000000,   1.0000000000
               </Orientation>
               <Position type="Vector">0, 92.5, 0</Position>
            </HpBayDoor01>
            <HpBayDoor02>
               <Orientation type="Matrix">
                    1.0000000000,   0.0000000000,   0.0000000000,
                    0.0000000000,   1.0000000000,   0.0000000000,
                    0.0000000000,   0.0000000000,   1.0000000000
               </Orientation>
               <Position type="Vector">0, 95, 0</Position>
            </HpBayDoor02>
            <HpThruster01>
               <Orientation type="Matrix">
                    1.0000000000,   0.0000000000,   0.0000000000,
                    0.0000000000,   1.0000000000,   0.0000000000,
                    0.0000000000,   0.0000000000,   1.0000000000
               </Orientation>
               <Position type="Vector">0, 0, 300</Position>
            </HpThruster01>
            <HpThruster02>
               <Orientation type="Matrix">
                    1.0000000000,   0.0000000000,   0.0000000000,
                    0.0000000000,   1.0000000000,   0.0000000000,
                    0.0000000000,   0.0000000000,   1.0000000000
               </Orientation>
               <Position type="Vector">0, 0, 300</Position>
            </HpThruster02>
         </Fixed>
         <Revolute>
            <HpWeapon01>
               <Orientation type="Matrix">
                   59.604645e-09,   0.0000000000,  -0.9999998800,
                    0.0000000000,   1.0000000000,   0.0000000000,
                    0.9999998800,   0.0000000000,  59.604645e-09
               </Orientation>
               <Position type="Vector">45.35408, 26.21895, -70</Position>
               <Axis type="Vector">0, 0, 0</Axis>
               <Min type="float">0</Min>
               <Max type="float">0</Max>
            </HpWeapon01>
            <HpWeapon02>
               <Axis type="Vector">0, 1, 0</Axis>
               <Max type="float">0</Max>
               <Min type="float">0</Min>
               <Orientation type="Matrix">
                   59.604645e-09,   0.0000000000,  -0.9999998800,
                    0.0000000000,   1.0000000000,   0.0000000000,
                    0.9999998800,   0.0000000000,  59.604645e-09
               </Orientation>
               <Position type="Vector">45.371799, 26.192047, -75</Position>
            </HpWeapon02>
            <HpWeapon03>
               <Axis type="Vector">0, 1, 0</Axis>
               <Max type="float">0</Max>
               <Min type="float">0</Min>
               <Orientation type="Matrix">
                   59.604645e-09,   0.0000000000,  -0.9999998800,
                    0.0000000000,   1.0000000000,   0.0000000000,
                    0.9999998800,   0.0000000000,  59.604645e-09
               </Orientation>
               <Position type="Vector">45.415932, 26.234858, -80</Position>
            </HpWeapon03>
            <HpTurret01>
               <Axis type="Vector">0, 1, 0</Axis>
               <Max type="float">3.1415927</Max>
               <Min type="float">-3.1415927</Min>
               <Orientation type="Matrix">
                    0.0174524780,  -0.9984774600,   0.0523279870,
                    0.9998477700,   0.0174285770, -913.39275e-06,
                    0.0000000000,   0.0523359590,   0.9986295100
               </Orientation>
               <Position type="Vector">-51.5, 0, -107.8875</Position>
            </HpTurret01>
            <HpTurret02>
               <Axis type="Vector">0, 1, 0</Axis>
               <Max type="float">3.1415927</Max>
               <Min type="float">-3.1415927</Min>
               <Orientation type="Matrix">
                   -0.8642807000,  -0.4987821000,   0.0650808360,
                    0.5018038200,  -0.8639159200,   0.0429243300,
                    0.0348144810,   0.0697564710,   0.9969562900
               </Orientation>
               <Position type="Vector">-25.75, -44.601002, -107.8875</Position>
            </HpTurret02>
            <HpTurret03>
               <Axis type="Vector">0, 1, 0</Axis>
               <Max type="float">3.1415927</Max>
               <Min type="float">-3.1415927</Min>
               <Orientation type="Matrix">
                   -0.8642807000,   0.4987821000,  -0.0650808360,
                   -0.5018038200,  -0.8639159200,   0.0429243300,
                   -0.0348144810,   0.0697564710,   0.9969562900
               </Orientation>
               <Position type="Vector">25.7505, -44.601002, -107.8875</Position>
            </HpTurret03>
            <HpTurret04>
               <Axis type="Vector">0, 1, 0</Axis>
               <Max type="float">3.1415927</Max>
               <Min type="float">-3.1415927</Min>
               <Orientation type="Matrix">
                    0.0174524780,   0.9984774600,  -0.0523279870,
                   -0.9998477700,   0.0174285770, -913.39275e-06,
                    0.0000000000,   0.0523359590,   0.9986295100
               </Orientation>
               <Position type="Vector">51.5, 0, -107.8875</Position>
            </HpTurret04>
            <HpTurret05>
               <Axis type="Vector">0, 1, 0</Axis>
               <Max type="float">3.1415927</Max>
               <Min type="float">-3.1415927</Min>
               <Orientation type="Matrix">
                    0.8729066300,   0.4836286900,   0.0643217940,
                   -0.4866434900,   0.8724892100,   0.0440535990,
                   -0.0348144810,  -0.0697564710,   0.9969562900
               </Orientation>
               <Position type="Vector">25.7505, 44.601002, -107.8875</Position>
            </HpTurret05>
            <HpTurret06>
               <Axis type="Vector">0, 1, 0</Axis>
               <Max type="float">3.1415927</Max>
               <Min type="float">-3.1415927</Min>
               <Orientation type="Matrix">
                    0.8729066300,  -0.4836286900,  -0.0643217940,
                    0.4866434900,   0.8724892100,   0.0440535990,
                    0.0348144810,  -0.0697564710,   0.9969562900
               </Orientation>
               <Position type="Vector">-25.7505, 44.601002, -107.8875</Position>
            </HpTurret06>
            <HpTurret07>
               <Axis type="Vector">0, 1, 0</Axis>
               <Max type="float">3.1415927</Max>
               <Min type="float">-3.1415927</Min>
               <Orientation type="Matrix">
                   178.81391e-09,  -0.9999998800, -7.1054269e-15,
                   -0.9999998800,  59.604641e-09,  87.422769e-09,
                  -87.422769e-09,   0.0000000000,  -0.9999998200
               </Orientation>
               <Position type="Vector">-42.056, 0, 96.992996</Position>
            </HpTurret07>
            <HpTurret08>
               <Axis type="Vector">0, 1, 0</Axis>
               <Max type="float">3.1415927</Max>
               <Min type="float">-3.1415927</Min>
               <Orientation type="Matrix">
                    0.8660253900,  -0.4993148100,   0.0261679110,
                   -0.5000001200,  -0.8648384800,   0.0453243110,
                  -88.475637e-09,  -0.0523359590,  -0.9986295100
               </Orientation>
               <Position type="Vector">-21.028, -36.421501, 96.992996</Position>
            </HpTurret08>
            <HpTurret09>
               <Axis type="Vector">0, 1, 0</Axis>
               <Max type="float">3.1415927</Max>
               <Min type="float">-3.1415927</Min>
               <Orientation type="Matrix">
                    0.8660253900,   0.4993148100,  -0.0261680600,
                    0.5000001200,  -0.8648384800,   0.0453242290,
                  -86.612999e-09,  -0.0523359590,  -0.9986295100
               </Orientation>
               <Position type="Vector">21.028, -36.421501, 96.992996</Position>
            </HpTurret09>
            <HpTurret10>
               <Axis type="Vector">0, 1, 0</Axis>
               <Max type="float">3.1415927</Max>
               <Min type="float">-3.1415927</Min>
               <Orientation type="Matrix">
                   178.81391e-09,   0.9999998800, -7.1054269e-15,
                    0.9999998800,  59.604641e-09, -87.422769e-09,
                  -87.422769e-09,   0.0000000000,  -0.9999998200
               </Orientation>
               <Position type="Vector">42.056, 0, 96.992996</Position>
            </HpTurret10>
            <HpTurret11>
               <Axis type="Vector">0, 1, 0</Axis>
               <Max type="float">3.1415927</Max>
               <Min type="float">-3.1415927</Min>
               <Orientation type="Matrix">
                   -0.8746197200,   0.4841451900,   0.0253730490,
                    0.4848096100,   0.8734210700,   0.0457740200,
                  -87.544322e-09,   0.0523359590,  -0.9986295100
               </Orientation>
               <Position type="Vector">21.028, 36.421501, 96.992996</Position>
            </HpTurret11>
            <HpTurret12>
               <Axis type="Vector">0, 1, 0</Axis>
               <Max type="float">3.1415927</Max>
               <Min type="float">-3.1415927</Min>
               <Orientation type="Matrix">
                   -0.8746197200,  -0.4841451900,  -0.0253729000,
                   -0.4848096100,   0.8734210700,   0.0457741100,
                  -87.544322e-09,   0.0523359590,  -0.9986295100
               </Orientation>
               <Position type="Vector">-21.028, 36.421501, 96.992996</Position>
            </HpTurret12>
            <HpTurret13>
               <Axis type="Vector">0, 1, 0</Axis>
               <Max type="float">3.1415927</Max>
               <Min type="float">-3.1415927</Min>
               <Orientation type="Matrix">
                    1.0000000000,   0.0000000000,   0.0000000000,
                    0.0000000000,  -0.9588196900,  -0.2840153000,
                    0.0000000000,   0.2840153000,  -0.9588196900
               </Orientation>
               <Position type="Vector">0, -24.0315, 174.186</Position>
            </HpTurret13>
            <HpTurret14>
               <Axis type="Vector">0, 1, 0</Axis>
               <Max type="float">3.1415927</Max>
               <Min type="float">-3.1415927</Min>
               <Orientation type="Matrix">
                   -0.5000001200,  -0.8303623200,  -0.2459645000,
                   -0.8660253900,   0.4794099000,   0.1420076900,
                    0.0000000000,   0.2840153000,  -0.9588196900
               </Orientation>
               <Position type="Vector">-20.812, 12.0155, 174.186</Position>
            </HpTurret14>
            <HpTurret15>
               <Axis type="Vector">0, 1, 0</Axis>
               <Max type="float">3.1415927</Max>
               <Min type="float">-3.1415927</Min>
               <Orientation type="Matrix">
                   -0.5000001200,   0.8303623200,   0.2459645000,
                    0.8660253900,   0.4794099000,   0.1420076900,
                    0.0000000000,   0.2840153000,  -0.9588196900
               </Orientation>
               <Position type="Vector">20.812, 12.0155, 174.186</Position>
            </HpTurret15>
            <HpTorpedo01>
               <Axis type="Vector">0, 1, 0</Axis>
               <Max type="float">2.2689281</Max>
               <Min type="float">-2.2689281</Min>
               <Orientation type="Matrix">
                   59.604645e-09,  -0.9999998800,  -0.0000000000,
                    0.9999998800,  59.604645e-09,   0.0000000000,
                    0.0000000000,  -0.0000000000,   1.0000000000
               </Orientation>
               <Position type="Vector">-68.132057, -39.336216, -35.777294</Position>
            </HpTorpedo01>
            <HpA01>
               <Axis type="Vector">0, 1, 0</Axis>
               <Max type="float">3.1415927</Max>
               <Min type="float">-3.1415927</Min>
               <Orientation type="Matrix">
                    1.0000000000,   0.0000000000,   0.0000000000,
                    0.0000000000,   1.0000000000,   0.0000000000,
                    0.0000000000,   0.0000000000,   1.0000000000
               </Orientation>
               <Position type="Vector">0, 78.524719, -35.628838</Position>
            </HpA01>
            <HpTurret16>
               <Axis type="Vector">0, 1, 0</Axis>
               <Max type="float">3.1415927</Max>
               <Min type="float">-3.1415927</Min>
               <Orientation type="Matrix">
                   59.604645e-09,  -0.9999998800,  -0.0000000000,
                    0.9999998800,  59.604645e-09,   0.0000000000,
                    0.0000000000,  -0.0000000000,   1.0000000000
               </Orientation>
               <Position type="Vector">-68.07856, -39.303005, -35.611286</Position>
            </HpTurret16>
            <HpTurret17>
               <Axis type="Vector">0, 1, 0</Axis>
               <Max type="float">3.1415927</Max>
               <Min type="float">-3.1415927</Min>
               <Orientation type="Matrix">
                   59.604645e-09,   0.9999998800,   0.0000000000,
                   -0.9999998800,  59.604645e-09,   0.0000000000,
                    0.0000000000,   0.0000000000,   1.0000000000
               </Orientation>
               <Position type="Vector">68.111771, -39.311852, -35.753712</Position>
            </HpTurret17>
            <HpTurret18>
               <Axis type="Vector">0, 1, 0</Axis>
               <Max type="float">1.5707964</Max>
               <Min type="float">-1.5707964</Min>
               <Orientation type="Matrix">
                   178.81393e-09,  -0.9999998800, -7.1054274e-15,
                   -0.9999998800,  59.604641e-09,  87.422769e-09,
                  -87.422769e-09,   0.0000000000,  -0.9999997600
               </Orientation>
               <Position type="Vector">-61.329834, 35.403522, 37.412716</Position>
            </HpTurret18>
            <HpTurret19>
               <Axis type="Vector">0, 1, 0</Axis>
               <Max type="float">1.5707964</Max>
               <Min type="float">-1.5707964</Min>
               <Orientation type="Matrix">
                   178.81393e-09,   0.9999998800, -7.1054274e-15,
                    0.9999998800,  59.604641e-09, -87.422769e-09,
                  -87.422769e-09,   0.0000000000,  -0.9999997600
               </Orientation>
               <Position type="Vector">61.297382, 35.409618, 37.40765</Position>
            </HpTurret19>
            <HpTurret20>
               <Axis type="Vector">0, 1, 0</Axis>
               <Max type="float">1.5707964</Max>
               <Min type="float">-1.5707964</Min>
               <Orientation type="Matrix">
                   178.81393e-09,  -0.9999998800, -7.1054274e-15,
                   -0.9999998800,  59.604641e-09,  87.422769e-09,
                  -87.422769e-09,   0.0000000000,  -0.9999997600
               </Orientation>
               <Position type="Vector">-57.003716, 32.834789, 57.598804</Position>
            </HpTurret20>
            <HpTurret21>
               <Axis type="Vector">0, 1, 0</Axis>
               <Max type="float">1.5707964</Max>
               <Min type="float">-1.5707964</Min>
               <Orientation type="Matrix">
                   178.81393e-09,   0.9999998800, -7.1054274e-15,
                    0.9999998800,  59.604641e-09, -87.422769e-09,
                  -87.422769e-09,   0.0000000000,  -0.9999997600
               </Orientation>
               <Position type="Vector">57.000935, 32.926819, 57.594933</Position>
            </HpTurret21>
            <HpTurret22>
               <Axis type="Vector">0, 1, 0</Axis>
               <Max type="float">3.1415927</Max>
               <Min type="float">-3.1415927</Min>
               <Orientation type="Matrix">
                    1.0000000000,   0.0000000000,   0.0000000000,
                    0.0000000000,   1.0000000000,   0.0000000000,
                    0.0000000000,   0.0000000000,   1.0000000000
               </Orientation>
               <Position type="Vector">-0.009814, 78.643303, -35.755352</Position>
            </HpTurret22>
            <HpTurret23>
               <Axis type="Vector">0, 1, 0</Axis>
               <Max type="float">3.1415927</Max>
               <Min type="float">-3.1415927</Min>
               <Orientation type="Matrix">
                   -1.0000000000, -87.422777e-09,   0.0000000000,
                   87.422777e-09,  -1.0000000000,  -0.0000000000,
                    0.0000000000,   0.0000000000,   1.0000000000
               </Orientation>
               <Position type="Vector">-0.028764, -70.781883, 37.396248</Position>
            </HpTurret23>
            <HpTurret24>
               <Axis type="Vector">0, 1, 0</Axis>
               <Max type="float">1.5707964</Max>
               <Min type="float">-1.5707964</Min>
               <Orientation type="Matrix">
                    1.0000000000, -87.422777e-09, -87.422777e-09,
                  -87.422777e-09,  -1.0000000000,  7.6427419e-15,
                  -87.422777e-09,   0.0000000000,  -1.0000000000
               </Orientation>
               <Position type="Vector">-0.03246, -65.808937, 57.678551</Position>
            </HpTurret24>
            <HpTurret25>
               <Axis type="Vector">0, 1, 0</Axis>
               <Max type="float">1.5707964</Max>
               <Min type="float">-1.5707964</Min>
               <Orientation type="Matrix">
                    1.0000000000,   0.0000000000,   0.0000000000,
                    0.0000000000,  -0.5000001200,   0.8660253300,
                    0.0000000000,  -0.8660253300,  -0.5000001200
               </Orientation>
               <Position type="Vector">-0.007807, -48.316875, 11.533983</Position>
            </HpTurret25>
            <HpTurret26>
               <Axis type="Vector">0, 1, 0</Axis>
               <Max type="float">0.78539819</Max>
               <Min type="float">-0.78539819</Min>
               <Orientation type="Matrix">
                   178.81393e-09,   0.0000000000,   0.9999997600,
                   -0.9999997600,  178.81393e-09, -59.604645e-09,
                   59.604645e-09,  -0.9999997600,  238.41858e-09
               </Orientation>
               <Position type="Vector">-41.830708, 24.15044, 11.518482</Position>
            </HpTurret26>
            <HpTurret27>
               <Axis type="Vector">0, 1, 0</Axis>
               <Max type="float">0.78539819</Max>
               <Min type="float">-0.78539819</Min>
               <Orientation type="Matrix">
                   178.81393e-09,   0.0000000000,  -0.9999997600,
                    0.9999997600,  178.81393e-09, -59.604645e-09,
                  -59.604645e-09,  -0.9999997600,  238.41858e-09
               </Orientation>
               <Position type="Vector">41.826992, 24.136486, 11.519547</Position>
            </HpTurret27>
            <HpTurret28>
               <Axis type="Vector">0, 1, 0</Axis>
               <Max type="float">0.78539819</Max>
               <Min type="float">-0.78539819</Min>
               <Orientation type="Matrix">
                    0.2588192200,  -0.9659256300, -59.604645e-09,
                  -59.604645e-09,  119.20929e-09,   0.9999998200,
                   -0.9659256300,  -0.2588190400,  119.20929e-09
               </Orientation>
               <Position type="Vector">-33.177425, 0.036665499, -183.6554</Position>
            </HpTurret28>
            <HpTurret29>
               <Axis type="Vector">0, 1, 0</Axis>
               <Max type="float">0.78539819</Max>
               <Min type="float">-0.78539819</Min>
               <Orientation type="Matrix">
                    0.2588192200,   0.9659256300,  59.604645e-09,
                   59.604645e-09,  119.20929e-09,   0.9999998200,
                    0.9659256300,  -0.2588190400,  119.20929e-09
               </Orientation>
               <Position type="Vector">33.187675, 0.008157, -183.64508</Position>
            </HpTurret29>
            <HpTurret30>
               <Axis type="Vector">0, 1, 0</Axis>
               <Max type="float">1.5707964</Max>
               <Min type="float">-1.5707964</Min>
               <Orientation type="Matrix">
                    1.0000000000, -87.422777e-09, -87.422777e-09,
                  -87.422777e-09,  -1.0000000000,  7.6427419e-15,
                  -87.422777e-09,   0.0000000000,  -1.0000000000
               </Orientation>
               <Position type="Vector">-943.50002e-6, -10.446468, 277.17972</Position>
            </HpTurret30>
            <HpTorpedo02>
               <Axis type="Vector">0, 1, 0</Axis>
               <Max type="float">2.2689281</Max>
               <Min type="float">-2.2689281</Min>
               <Orientation type="Matrix">
                   59.604645e-09,   0.9999998800,   0.0000000000,
