<?xml version="1.0" encoding="ISO-8859-1"?>
<!-- XML generated by UTFXML Version 2.2 built 19-Aug-2010 -->
<UTFXML filename="no2_artillery.3db" path="SHIPS\NOMAD\NO2_ARTILLERY">
   <UTF_ROOT>
      <VMeshLibrary>
         <no2_artillery.0.lod0.vms include="no2_artillery_3db\lod0.vms.xml"/>
      </VMeshLibrary>
      <VMeshPart>
         <VMeshRef type="VMeshRef">
            <!-- header size  --> 60,
            <!-- vmesh lib    --> no2_artillery.0.lod0.vms,
            <!-- start vert   --> 0,
            <!-- num verts    --> 6609,
            <!-- start index  --> 0,
            <!-- num indices  --> 26406,
            <!-- start mesh   --> 0,
            <!-- num meshes   --> 8,
            <!-- bounding box --> -136.26526,      157.34558,    612.16992,
                                   136.26529,     -141.66025,   -640,
            <!-- center       -->   15.258789e-6,    7.8426666,  -13.915039,
            <!-- radius       --> 822.44086
         </VMeshRef>
      </VMeshPart>
      <Hardpoints>
         <Fixed>
            <HpEngine01>
               <Orientation type="Matrix">
                    1.0000000000,   0.0000000000,   0.0000000000,
                    0.0000000000,   1.0000000000,   0.0000000000,
                    0.0000000000,   0.0000000000,   1.0000000000
               </Orientation>
               <Position type="Vector">0, 0, 554</Position>
            </HpEngine01>
            <HpMount>
               <Orientation type="Matrix">
                    1.0000000000,   0.0000000000,   0.0000000000,
                    0.0000000000,   1.0000000000,   0.0000000000,
                    0.0000000000,   0.0000000000,   1.0000000000
               </Orientation>
               <Position type="Vector">0, -110, 0</Position>
            </HpMount>
            <HpPilot>
               <Orientation type="Matrix">
                    1.0000000000,   0.0000000000,   0.0000000000,
                    0.0000000000,   1.0000000000,   0.0000000000,
                    0.0000000000,   0.0000000000,   1.0000000000
               </Orientation>
               <Position type="Vector">0, 0, -200</Position>
            </HpPilot>
            <HpCockpit>
               <Orientation type="Matrix">
                    1.0000000000,   0.0000000000,   0.0000000000,
                    0.0000000000,   1.0000000000,   0.0000000000,
                    0.0000000000,   0.0000000000,   1.0000000000
               </Orientation>
               <Position type="Vector">0, 0, -530</Position>
            </HpCockpit>
            <HpTractor_Source01>
               <Orientation type="Matrix">
                    1.0000000000,   0.0000000000,   0.0000000000,
                    0.0000000000,   1.0000000000,   0.0000000000,
                    0.0000000000,   0.0000000000,   1.0000000000
               </Orientation>
               <Position type="Vector">0, 0, -500</Position>
            </HpTractor_Source01>
            <HpShield01>
               <Orientation type="Matrix">
                    1.0000000000,   0.0000000000,   0.0000000000,
                    0.0000000000,   1.0000000000,   0.0000000000,
                    0.0000000000,   0.0000000000,   1.0000000000
               </Orientation>
               <Position type="Vector">0, 0, 75</Position>
            </HpShield01>
            <HpCloak01>
               <Orientation type="Matrix">
                    1.0000000000,   0.0000000000,   0.0000000000,
                    0.0000000000,   1.0000000000,   0.0000000000,
                    0.0000000000,   0.0000000000,   1.0000000000
               </Orientation>
               <Position type="Vector">0, 0, 35</Position>
            </HpCloak01>
            <HpCM01>
               <Orientation type="Matrix">
                    1.0000000000,   0.0000000000,   0.0000000000,
                    0.0000000000,   1.0000000000,   0.0000000000,
                    0.0000000000,   0.0000000000,   1.0000000000
               </Orientation>
               <Position type="Vector">0, 0, 610.5</Position>
            </HpCM01>
            <HpFX01>
               <Orientation type="Matrix">
                   -1.0000000000, -71.612547e-09,  50.143644e-09,
                   87.422777e-09,  -0.8191520000,   0.5735763900,
                    0.0000000000,   0.5735763900,   0.8191520600
               </Orientation>
               <Position type="Vector">0, -128.901, 72.708</Position>
            </HpFX01>
            <HpFX02>
               <Orientation type="Matrix">
                   -1.0000000000, -29.900349e-09,  82.150542e-09,
                   87.422784e-09,  -0.3420201500,   0.9396926800,
                    0.0000000000,   0.9396926800,   0.3420200900
               </Orientation>
               <Position type="Vector">0, -113.344, 89.267998</Position>
            </HpFX02>
            <HpFX03>
               <Orientation type="Matrix">
                    0.5000000000,  -0.7094063800,   0.4967317600,
                    0.8660253300,   0.4095760300,  -0.2867882300,
                   14.901161e-09,   0.5735763900,   0.8191520600
               </Orientation>
               <Position type="Vector">-112.497, 64.95, 72.708</Position>
            </HpFX03>
            <HpFX04>
               <Orientation type="Matrix">
                    0.5000000000,  -0.2961981600,   0.8137977100,
                    0.8660254500,   0.1710101100,  -0.4698463100,
                    0.0000000000,   0.9396926800,   0.3420201500
               </Orientation>
               <Position type="Vector">-98.158997, 56.672001, 89.267998</Position>
            </HpFX04>
            <HpFX05>
               <Orientation type="Matrix">
                    0.5000000000,   0.7094063800,  -0.4967317600,
                   -0.8660253300,   0.4095760300,  -0.2867882300,
                  -14.901161e-09,   0.5735763900,   0.8191520600
               </Orientation>
               <Position type="Vector">112.497, 64.95, 72.708</Position>
            </HpFX05>
            <HpFX06>
               <Orientation type="Matrix">
                    0.5000000000,   0.2961981600,  -0.8137977100,
                   -0.8660254500,   0.1710101100,  -0.4698463100,
                    0.0000000000,   0.9396926800,   0.3420201500
               </Orientation>
               <Position type="Vector">98.158997, 56.672001, 89.267998</Position>
            </HpFX06>
            <HpCM02>
               <Orientation type="Matrix">
                    1.0000000000,   0.0000000000,   0.0000000000,
                    0.0000000000,   1.0000000000,   0.0000000000,
                    0.0000000000,   0.0000000000,   1.0000000000
               </Orientation>
               <Position type="Vector">0, 0, 610</Position>
            </HpCM02>
            <HpRunningLight01>
               <Orientation type="Matrix">
                   59.604645e-09,  -0.0871559080,   0.9961946000,
                    0.9999998800,  119.20929e-09,  29.802322e-09,
                  -29.802322e-09,   0.9961946000,   0.0871559980
               </Orientation>
               <Position type="Vector">-103, 0, -215.77499</Position>
            </HpRunningLight01>
            <HpRunningLight02>
               <Orientation type="Matrix">
                   -0.8660253300,  -0.0435779690,   0.4980974200,
                    0.5000000000,  -0.0754792690,   0.8627298500,
                   14.901161e-09,   0.9961946600,   0.0871559380
               </Orientation>
               <Position type="Vector">-51.5, -89.202003, -215.77499</Position>
            </HpRunningLight02>
            <HpRunningLight03>
               <Orientation type="Matrix">
                   -0.8660253300,   0.0435779690,  -0.4980974200,
                   -0.5000000000,  -0.0754792690,   0.8627298500,
                  -14.901161e-09,   0.9961946600,   0.0871559380
               </Orientation>
               <Position type="Vector">51.500999, -89.202003, -215.77499</Position>
            </HpRunningLight03>
            <HpRunningLight04>
               <Orientation type="Matrix">
                   59.604645e-09,   0.0871559080,  -0.9961946000,
                   -0.9999998800,  119.20929e-09,  29.802322e-09,
                   29.802322e-09,   0.9961946000,   0.0871559980
               </Orientation>
               <Position type="Vector">103, 0, -215.77499</Position>
            </HpRunningLight04>
            <HpRunningLight05>
               <Orientation type="Matrix">
                    0.8660254500,   0.0435779540,  -0.4980973300,
                   -0.5000000000,   0.0754793060,  -0.8627298500,
                   29.802322e-09,   0.9961946600,   0.0871559750
               </Orientation>
               <Position type="Vector">51.500999, 89.202003, -215.77499</Position>
            </HpRunningLight05>
            <HpRunningLight06>
               <Orientation type="Matrix">
                    0.8660254500,  -0.0435779540,   0.4980973300,
                    0.5000000000,   0.0754793060,  -0.8627298500,
                  -29.802322e-09,   0.9961946600,   0.0871559750
               </Orientation>
               <Position type="Vector">-51.500999, 89.202003, -215.77499</Position>
            </HpRunningLight06>
            <HpRunningLight07>
               <Orientation type="Matrix">
                   59.604645e-09,   0.0871559080,   0.9961946000,
                    0.9999998800,  59.604645e-09,  29.802322e-09,
                   29.802322e-09,   0.9961946000,  -0.0871558190
               </Orientation>
               <Position type="Vector">-84.112, 0, 193.98599</Position>
            </HpRunningLight07>
            <HpRunningLight08>
               <Orientation type="Matrix">
                   -0.8660253300,   0.0435779690,   0.4980974200,
                    0.5000000000,   0.0754792690,   0.8627298500,
                  -14.901161e-09,   0.9961946600,  -0.0871559380
               </Orientation>
               <Position type="Vector">-42.056, -72.843002, 193.98599</Position>
            </HpRunningLight08>
            <HpRunningLight09>
               <Orientation type="Matrix">
                   -0.8660253300,  -0.0435779690,  -0.4980974200,
                   -0.5000000000,   0.0754792690,   0.8627298500,
                   14.901161e-09,   0.9961946600,  -0.0871559380
               </Orientation>
               <Position type="Vector">42.056, -72.843002, 193.98599</Position>
            </HpRunningLight09>
            <HpRunningLight10>
               <Orientation type="Matrix">
                   59.604645e-09,  -0.0871559080,  -0.9961946000,
                   -0.9999998800,  59.604645e-09,  29.802322e-09,
                  -29.802322e-09,   0.9961946000,  -0.0871558190
               </Orientation>
               <Position type="Vector">84.112, 0, 193.98599</Position>
            </HpRunningLight10>
            <HpRunningLight11>
               <Orientation type="Matrix">
                    0.8660254500,  -0.0435779540,  -0.4980973300,
                   -0.5000000000,  -0.0754792320,  -0.8627298500,
                  -29.802322e-09,   0.9961946600,  -0.0871559010
               </Orientation>
               <Position type="Vector">42.056, 72.843002, 193.98599</Position>
            </HpRunningLight11>
            <HpRunningLight12>
               <Orientation type="Matrix">
                    0.8660254500,   0.0435779540,   0.4980973300,
                    0.5000000000,  -0.0754792320,  -0.8627298500,
                   29.802322e-09,   0.9961946600,  -0.0871559010
               </Orientation>
               <Position type="Vector">-42.056, 72.843002, 193.98599</Position>
            </HpRunningLight12>
            <HpRunningLight13>
               <Orientation type="Matrix">
                    1.0000000000,   0.0000000000,   0.0000000000,
                    0.0000000000,  -0.2588189800,   0.9659256900,
                    0.0000000000,  -0.9659256900,  -0.2588189800
               </Orientation>
               <Position type="Vector">0, -48.063, 348.37201</Position>
            </HpRunningLight13>
            <HpRunningLight14>
               <Orientation type="Matrix">
                   -0.5000000000,  -0.2241438300,   0.8365161400,
                   -0.8660252100,   0.1294096700,  -0.4829630300,
                    0.0000000000,  -0.9659257500,  -0.2588189800
               </Orientation>
               <Position type="Vector">-41.624001, 24.031, 348.37201</Position>
            </HpRunningLight14>
            <HpRunningLight15>
               <Orientation type="Matrix">
                   -0.5000000000,   0.2241438300,  -0.8365161400,
                    0.8660252100,   0.1294096700,  -0.4829630300,
                    0.0000000000,  -0.9659257500,  -0.2588189800
               </Orientation>
               <Position type="Vector">41.624001, 24.031, 348.37201</Position>
            </HpRunningLight15>
            <HpShield02>
               <Orientation type="Matrix">
                    1.0000000000,   0.0000000000,   0.0000000000,
                    0.0000000000,   1.0000000000,   0.0000000000,
                    0.0000000000,   0.0000000000,   1.0000000000
               </Orientation>
               <Position type="Vector">0, 0, 75</Position>
            </HpShield02>
            <HpShield03>
               <Orientation type="Matrix">
                    1.0000000000,   0.0000000000,   0.0000000000,
                    0.0000000000,   1.0000000000,   0.0000000000,
                    0.0000000000,   0.0000000000,   1.0000000000
               </Orientation>
               <Position type="Vector">0, 0, 75</Position>
            </HpShield03>
            <HpFX07>
               <Orientation type="Matrix">
                    1.0000000000,   0.0000000000,   0.0000000000,
                    0.0000000000,   1.0000000000,   0.0000000000,
                    0.0000000000,   0.0000000000,   1.0000000000
               </Orientation>
               <Position type="Vector">0, 0, 0</Position>
            </HpFX07>
            <HpFX08>
               <Orientation type="Matrix">
                   59.604645e-09,   0.9999998800,   0.0000000000,
                   -0.9999998800,  59.604645e-09,   0.0000000000,
                    0.0000000000,   0.0000000000,   1.0000000000
               </Orientation>
               <Position type="Vector">0, 0, 0</Position>
            </HpFX08>
            <HpFX09>
               <Orientation type="Matrix">
                    1.0000000000,   0.0000000000,   0.0000000000,
                    0.0000000000,  59.604645e-09,   0.9999998800,
                    0.0000000000,  -0.9999998800,  59.604645e-09
               </Orientation>
               <Position type="Vector">0, 0, 0</Position>
            </HpFX09>
            <HpFX10>
               <Orientation type="Matrix">
                    1.0000000000,   0.0000000000,   0.0000000000,
                    0.0000000000,   1.0000000000,   0.0000000000,
                    0.0000000000,   0.0000000000,   1.0000000000
               </Orientation>
               <Position type="Vector">0, 0, 0</Position>
            </HpFX10>
            <HpFX11>
               <Orientation type="Matrix">
                    1.0000000000,   0.0000000000,   0.0000000000,
                    0.0000000000,   1.0000000000,   0.0000000000,
                    0.0000000000,   0.0000000000,   1.0000000000
               </Orientation>
               <Position type="Vector">0, 0, 0</Position>
            </HpFX11>
            <HpFX12>
               <Orientation type="Matrix">
                    1.0000000000,   0.0000000000,   0.0000000000,
                    0.0000000000,   1.0000000000,   0.0000000000,
                    0.0000000000,   0.0000000000,   1.0000000000
               </Orientation>
               <Position type="Vector">0, 0, 0</Position>
            </HpFX12>
            <HpFX13>
               <Orientation type="Matrix">
                    1.0000000000,   0.0000000000,   0.0000000000,
                    0.0000000000,   1.0000000000,   0.0000000000,
                    0.0000000000,   0.0000000000,   1.0000000000
               </Orientation>
               <Position type="Vector">0, 0, 0</Position>
            </HpFX13>
         </Fixed>
         <Revolute>
            <HpWeapon01>
               <Orientation type="Matrix">
                    1.0000000000,   0.0000000000,   0.0000000000,
                    0.0000000000,   0.7071068300,   0.7071068300,
                    0.0000000000,  -0.7071068300,   0.7071068300
               </Orientation>
               <Position type="Vector">0, 127.429, -310.05701</Position>
               <Axis type="Vector">0, 0, 0</Axis>
               <Min type="float">-0.78539819</Min>
               <Max type="float">0.78539819</Max>
            </HpWeapon01>
            <HpWeapon02>
               <Axis type="Vector">0, 1, 0</Axis>
               <Max type="float">0.78539819</Max>
               <Min type="float">-0.78539819</Min>
               <Orientation type="Matrix">
                   -0.5000001200,  -0.6123724000,  -0.6123725200,
                    0.8660253900,  -0.3535534100,  -0.3535534100,
                    0.0000000000,  -0.7071068300,   0.7071068300
               </Orientation>
               <Position type="Vector">-110.356, -63.714001, -310.05701</Position>
            </HpWeapon02>
            <HpWeapon03>
               <Axis type="Vector">0, 1, 0</Axis>
               <Max type="float">0.78539819</Max>
               <Min type="float">-0.78539819</Min>
               <Orientation type="Matrix">
                   -0.5000001200,   0.6123724000,   0.6123725200,
                   -0.8660253900,  -0.3535534100,  -0.3535534100,
                    0.0000000000,  -0.7071068300,   0.7071068300
               </Orientation>
               <Position type="Vector">110.356, -63.714001, -310.05701</Position>
            </HpWeapon03>
            <HpTurret01>
               <Axis type="Vector">0, 1, 0</Axis>
               <Max type="float">3.1415927</Max>
               <Min type="float">-3.1415927</Min>
               <Orientation type="Matrix">
                    0.0174524780,  -0.9984774600,   0.0523279870,
                    0.9998477700,   0.0174285770, -913.39275e-06,
                    0.0000000000,   0.0523359590,   0.9986295100
               </Orientation>
               <Position type="Vector">-103, 0, -215.77499</Position>
            </HpTurret01>
            <HpTurret02>
               <Axis type="Vector">0, 1, 0</Axis>
               <Max type="float">1.5707964</Max>
               <Min type="float">-1.5707964</Min>
               <Orientation type="Matrix">
                   -0.8642807000,  -0.4987821000,   0.0650808360,
                    0.5018038200,  -0.8639159200,   0.0429243260,
                    0.0348144810,   0.0697564710,   0.9969563500
               </Orientation>
               <Position type="Vector">-51.5, -89.202003, -215.77499</Position>
            </HpTurret02>
            <HpTurret03>
               <Axis type="Vector">0, 1, 0</Axis>
               <Max type="float">1.5707964</Max>
               <Min type="float">-1.5707964</Min>
               <Orientation type="Matrix">
                   -0.8642807000,   0.4987821000,  -0.0650808360,
                   -0.5018038200,  -0.8639159200,   0.0429243260,
                   -0.0348144810,   0.0697564710,   0.9969563500
               </Orientation>
               <Position type="Vector">51.500999, -89.202003, -215.77499</Position>
            </HpTurret03>
            <HpTurret04>
               <Axis type="Vector">0, 1, 0</Axis>
               <Max type="float">3.1415927</Max>
               <Min type="float">-3.1415927</Min>
               <Orientation type="Matrix">
                    0.0174524780,   0.9984774600,  -0.0523279870,
                   -0.9998477700,   0.0174285770, -913.39275e-06,
                    0.0000000000,   0.0523359590,   0.9986295100
               </Orientation>
               <Position type="Vector">103, 0, -215.77499</Position>
            </HpTurret04>
            <HpTurret05>
               <Axis type="Vector">0, 1, 0</Axis>
               <Max type="float">1.5707964</Max>
               <Min type="float">-1.5707964</Min>
               <Orientation type="Matrix">
                    0.8729066300,   0.4836286600,   0.0643217940,
                   -0.4866435200,   0.8724891500,   0.0440536030,
                   -0.0348144810,  -0.0697564710,   0.9969563500
               </Orientation>
               <Position type="Vector">51.500999, 89.202003, -215.77499</Position>
            </HpTurret05>
            <HpTurret06>
               <Axis type="Vector">0, 1, 0</Axis>
               <Max type="float">1.5707964</Max>
               <Min type="float">-1.5707964</Min>
               <Orientation type="Matrix">
                    0.8729066300,  -0.4836286600,  -0.0643217940,
                    0.4866435200,   0.8724891500,   0.0440536030,
                    0.0348144810,  -0.0697564710,   0.9969563500
               </Orientation>
               <Position type="Vector">-51.500999, 89.202003, -215.77499</Position>
            </HpTurret06>
            <HpTurret07>
               <Axis type="Vector">0, 1, 0</Axis>
               <Max type="float">1.5707964</Max>
               <Min type="float">-1.5707964</Min>
               <Orientation type="Matrix">
                   178.81393e-09,  -0.9999998800, -7.1054274e-15,
                   -0.9999998800,  59.604641e-09,  87.422769e-09,
                  -87.422769e-09,   0.0000000000,  -0.9999997600
               </Orientation>
               <Position type="Vector">-84.112, 0, 193.98599</Position>
            </HpTurret07>
            <HpTurret08>
               <Axis type="Vector">0, 1, 0</Axis>
               <Max type="float">1.5707964</Max>
               <Min type="float">-1.5707964</Min>
               <Orientation type="Matrix">
                    0.8660253900,  -0.4993148100,   0.0261679070,
                   -0.5000000000,  -0.8648384800,   0.0453243140,
                  -88.475645e-09,  -0.0523359590,  -0.9986295100
               </Orientation>
               <Position type="Vector">-42.056, -72.843002, 193.98599</Position>
            </HpTurret08>
            <HpTurret09>
               <Axis type="Vector">0, 1, 0</Axis>
               <Max type="float">1.5707964</Max>
               <Min type="float">-1.5707964</Min>
               <Orientation type="Matrix">
                    0.8660253900,   0.4993148100,  -0.0261680600,
                    0.5000000000,  -0.8648384800,   0.0453242290,
                  -86.612999e-09,  -0.0523359630,  -0.9986295100
               </Orientation>
               <Position type="Vector">42.056, -72.843002, 193.98599</Position>
            </HpTurret09>
            <HpTurret10>
               <Axis type="Vector">0, 1, 0</Axis>
               <Max type="float">1.5707964</Max>
               <Min type="float">-1.5707964</Min>
               <Orientation type="Matrix">
                   178.81393e-09,   0.9999998800, -7.1054274e-15,
                    0.9999998800,  59.604641e-09, -87.422769e-09,
                  -87.422769e-09,   0.0000000000,  -0.9999997600
               </Orientation>
               <Position type="Vector">84.112, 0, 193.98599</Position>
            </HpTurret10>
            <HpTurret11>
               <Axis type="Vector">0, 1, 0</Axis>
               <Max type="float">1.5707964</Max>
               <Min type="float">-1.5707964</Min>
               <Orientation type="Matrix">
                   -0.8746196600,   0.4841452200,   0.0253730530,
                    0.4848096400,   0.8734210700,   0.0457740170,
                  -87.544322e-09,   0.0523359590,  -0.9986295100
               </Orientation>
               <Position type="Vector">42.056, 72.843002, 193.98599</Position>
            </HpTurret11>
            <HpTurret12>
               <Axis type="Vector">0, 1, 0</Axis>
               <Max type="float">1.5707964</Max>
               <Min type="float">-1.5707964</Min>
               <Orientation type="Matrix">
                   -0.8746196600,  -0.4841452200,  -0.0253729000,
                   -0.4848096400,   0.8734210700,   0.0457741060,
                  -87.544322e-09,   0.0523359590,  -0.9986295100
               </Orientation>
               <Position type="Vector">-42.056, 72.843002, 193.98599</Position>
            </HpTurret12>
            <HpTurret13>
               <Axis type="Vector">0, 1, 0</Axis>
               <Max type="float">2.0943952</Max>
               <Min type="float">-2.0943952</Min>
               <Orientation type="Matrix">
                    1.0000000000,   0.0000000000,   0.0000000000,
                    0.0000000000,  -0.9588196900,  -0.2840153000,
                    0.0000000000,   0.2840153000,  -0.9588196900
               </Orientation>
               <Position type="Vector">0, -48.063, 348.37201</Position>
            </HpTurret13>
            <HpTurret14>
               <Axis type="Vector">0, 1, 0</Axis>
               <Max type="float">2.0943952</Max>
               <Min type="float">-2.0943952</Min>
               <Orientation type="Matrix">
                   -0.5000001200,  -0.8303623200,  -0.2459645000,
                   -0.8660253900,   0.4794099000,   0.1420076900,
                    0.0000000000,   0.2840153000,  -0.9588196900
               </Orientation>
               <Position type="Vector">-41.624001, 24.031, 348.37201</Position>
            </HpTurret14>
            <HpTurret15>
               <Axis type="Vector">0, 1, 0</Axis>
               <Max type="float">2.0943952</Max>
               <Min type="float">-2.0943952</Min>
               <Orientation type="Matrix">
                   -0.5000001200,   0.8303623200,   0.2459645000,
                    0.8660253900,   0.4794099000,   0.1420076900,
                    0.0000000000,   0.2840153000,  -0.9588196900
               </Orientation>
               <Position type="Vector">41.624001, 24.031, 348.37201</Position>
            </HpTurret15>
            <HpTorpedo01>
               <Axis type="Vector">0, 1, 0</Axis>
               <Max type="float">1.5707964</Max>
               <Min type="float">-1.5707964</Min>
               <Orientation type="Matrix">
                    1.0000000000,   0.0000000000,   0.0000000000,
                    0.0000000000,   1.0000000000,   0.0000000000,
                    0.0000000000,   0.0000000000,   1.0000000000
               </Orientation>
               <Position type="Vector">0, 0, -503.90308</Position>
            </HpTorpedo01>
            <HpA01>
               <Axis type="Vector">0, 1, 0</Axis>
               <Max type="float">3.1415927</Max>
               <Min type="float">-3.1415927</Min>
               <Orientation type="Matrix">
                    1.0000000000,   0.0000000000,   0.0000000000,
                    0.0000000000,   1.0000000000,   0.0000000000,
                    0.0000000000,   0.0000000000,   1.0000000000
               </Orientation>
               <Position type="Vector">0, 157.04944, -71.257675</Position>
            </HpA01>
            <HpTurret16>
               <Axis type="Vector">0, 1, 0</Axis>
               <Max type="float">3.1415927</Max>
               <Min type="float">-3.1415927</Min>
               <Orientation type="Matrix">
                   59.604645e-09,  -0.9999998800,  -0.0000000000,
                    0.9999998800,  59.604645e-09,   0.0000000000,
                    0.0000000000,  -0.0000000000,   1.0000000000
               </Orientation>
               <Position type="Vector">-136.15712, -78.60601, -71.222572</Position>
            </HpTurret16>
            <HpTurret17>
               <Axis type="Vector">0, 1, 0</Axis>
               <Max type="float">3.1415927</Max>
               <Min type="float">-3.1415927</Min>
               <Orientation type="Matrix">
                   59.604645e-09,   0.9999998800,   0.0000000000,
                   -0.9999998800,  59.604645e-09,   0.0000000000,
                    0.0000000000,   0.0000000000,   1.0000000000
               </Orientation>
               <Position type="Vector">136.22354, -78.623703, -71.507423</Position>
            </HpTurret17>
            <HpTurret18>
               <Axis type="Vector">0, 1, 0</Axis>
               <Max type="float">1.5707964</Max>
               <Min type="float">-1.5707964</Min>
               <Orientation type="Matrix">
                   178.81393e-09,  -0.9999998800, -7.1054274e-15,
                   -0.9999998800,  59.604641e-09,  87.422769e-09,
                  -87.422769e-09,   0.0000000000,  -0.9999997600
               </Orientation>
               <Position type="Vector">-122.65967, 70.807045, 74.825432</Position>
            </HpTurret18>
            <HpTurret19>
               <Axis type="Vector">0, 1, 0</Axis>
               <Max type="float">1.5707964</Max>
               <Min type="float">-1.5707964</Min>
               <Orientation type="Matrix">
                   178.81393e-09,   0.9999998800, -7.1054274e-15,
                    0.9999998800,  59.604641e-09, -87.422769e-09,
                  -87.422769e-09,   0.0000000000,  -0.9999997600
               </Orientation>
               <Position type="Vector">122.59476, 70.819237, 74.8153</Position>
            </HpTurret19>
            <HpTurret20>
               <Axis type="Vector">0, 1, 0</Axis>
               <Max type="float">1.5707964</Max>
               <Min type="float">-1.5707964</Min>
               <Orientation type="Matrix">
                   178.81393e-09,  -0.9999998800, -7.1054274e-15,
                   -0.9999998800,  59.604641e-09,  87.422769e-09,
                  -87.422769e-09,   0.0000000000,  -0.9999997600
               </Orientation>
               <Position type="Vector">-114.00743, 65.669579, 115.19761</Position>
            </HpTurret20>
            <HpTurret21>
               <Axis type="Vector">0, 1, 0</Axis>
               <Max type="float">1.5707964</Max>
               <Min type="float">-1.5707964</Min>
               <Orientation type="Matrix">
                   178.81393e-09,   0.9999998800, -7.1054274e-15,
                    0.9999998800,  59.604641e-09, -87.422769e-09,
                  -87.422769e-09,   0.0000000000,  -0.9999997600
               </Orientation>
               <Position type="Vector">114.00187, 65.853638, 115.18987</Position>
            </HpTurret21>
            <HpTurret22>
               <Axis type="Vector">0, 1, 0</Axis>
               <Max type="float">3.1415927</Max>
               <Min type="float">-3.1415927</Min>
               <Orientation type="Matrix">
                    1.0000000000,   0.0000000000,   0.0000000000,
                    0.0000000000,   1.0000000000,   0.0000000000,
                    0.0000000000,   0.0000000000,   1.0000000000
               </Orientation>
               <Position type="Vector">-0.019628, 157.28661, -71.510704</Position>
            </HpTurret22>
            <HpTurret23>
               <Axis type="Vector">0, 1, 0</Axis>
               <Max type="float">3.1415927</Max>
               <Min type="float">-3.1415927</Min>
               <Orientation type="Matrix">
                   -1.0000000000, -87.422777e-09,   0.0000000000,
                   87.422777e-09,  -1.0000000000,  -0.0000000000,
                    0.0000000000,   0.0000000000,   1.0000000000
               </Orientation>
               <Position type="Vector">-0.057528, -141.56377, 74.792496</Position>
            </HpTurret23>
            <HpTurret24>
               <Axis type="Vector">0, 1, 0</Axis>
               <Max type="float">1.5707964</Max>
               <Min type="float">-1.5707964</Min>
               <Orientation type="Matrix">
                    1.0000000000, -87.422777e-09, -87.422777e-09,
                  -87.422777e-09,  -1.0000000000,  7.6427419e-15,
                  -87.422777e-09,   0.0000000000,  -1.0000000000
               </Orientation>
               <Position type="Vector">-0.06492, -131.61787, 115.3571</Position>
            </HpTurret24>
            <HpTurret25>
               <Axis type="Vector">0, 1, 0</Axis>
               <Max type="float">1.5707964</Max>
               <Min type="float">-1.5707964</Min>
               <Orientation type="Matrix">
                    1.0000000000,   0.0000000000,   0.0000000000,
                    0.0000000000,  -0.5000001200,   0.8660253300,
                    0.0000000000,  -0.8660253300,  -0.5000001200
               </Orientation>
               <Position type="Vector">-0.015614, -96.633751, 23.067966</Position>
            </HpTurret25>
            <HpTurret26>
               <Axis type="Vector">0, 1, 0</Axis>
               <Max type="float">0.78539819</Max>
               <Min type="float">-0.78539819</Min>
               <Orientation type="Matrix">
                   178.81393e-09,   0.0000000000,   0.9999997600,
                   -0.9999997600,  178.81393e-09, -59.604645e-09,
                   59.604645e-09,  -0.9999997600,  238.41858e-09
               </Orientation>
               <Position type="Vector">-83.661415, 48.30088, 23.036964</Position>
            </HpTurret26>
            <HpTurret27>
               <Axis type="Vector">0, 1, 0</Axis>
               <Max type="float">0.78539819</Max>
               <Min type="float">-0.78539819</Min>
               <Orientation type="Matrix">
                   178.81393e-09,   0.0000000000,  -0.9999997600,
                    0.9999997600,  178.81393e-09, -59.604645e-09,
                  -59.604645e-09,  -0.9999997600,  238.41858e-09
               </Orientation>
               <Position type="Vector">83.653984, 48.272972, 23.039093</Position>
            </HpTurret27>
            <HpTurret28>
               <Axis type="Vector">0, 1, 0</Axis>
               <Max type="float">0.78539819</Max>
               <Min type="float">-0.78539819</Min>
               <Orientation type="Matrix">
                    0.2588192200,  -0.9659256300, -59.604645e-09,
                  -59.604645e-09,  119.20929e-09,   0.9999998200,
                   -0.9659256300,  -0.2588190400,  119.20929e-09
               </Orientation>
               <Position type="Vector">-66.354851, 0.073330998, -367.31079</Position>
            </HpTurret28>
            <HpTurret29>
               <Axis type="Vector">0, 1, 0</Axis>
               <Max type="float">0.78539819</Max>
               <Min type="float">-0.78539819</Min>
               <Orientation type="Matrix">
                    0.2588192200,   0.9659256300,  59.604645e-09,
                   59.604645e-09,  119.20929e-09,   0.9999998200,
                    0.9659256300,  -0.2588190400,  119.20929e-09
               </Orientation>
               <Position type="Vector">66.375351, 0.016314, -367.29016</Position>
            </HpTurret29>
            <HpTurret30>
               <Axis type="Vector">0, 1, 0</Axis>
               <Max type="float">1.5707964</Max>
               <Min type="float">-1.5707964</Min>
               <Orientation type="Matrix">
                    1.0000000000, -87.422777e-09, -87.422777e-09,
                  -87.422777e-09,  -1.0000000000,  7.6427419e-15,
                  -87.422777e-09,   0.0000000000,  -1.0000000000
               </Orientation>
               <Position type="Vector">-0.001887, -20.892937, 554.35944</Position>
            </HpTurret30>
         </Revolute>
      </Hardpoints>
   </UTF_ROOT>
</UTFXML>
