<?xml version="1.0" encoding="ISO-8859-1"?>
<!-- XML generated by UTFXML Version 2.2 built 19-Aug-2010 -->
<UTFXML filename="no_battleship.3db" path="SHIPS\NOMAD\NO_BATTLESHIP">
   <UTF_ROOT>
      <VMeshLibrary>
         <data.ships.nomad.no_battleship.no_battleship.lod0-112.vms include="no_battleship_3db\lod0-112.vms.xml"/>
         <data.ships.nomad.no_battleship.no_battleship.lod1-112.vms include="no_battleship_3db\lod1-112.vms.xml"/>
         <data.ships.nomad.no_battleship.no_battleship.lod2-112.vms include="no_battleship_3db\lod2-112.vms.xml"/>
         <data.ships.nomad.no_battleship.no_battleship.lod3-112.vms include="no_battleship_3db\lod3-112.vms.xml"/>
      </VMeshLibrary>
      <Exporter_Version name="Exporter Version" type="text">Nov  5 2002 11:41:55</Exporter_Version>
      <VMeshWire include="no_battleship_3db\no_battleship.vwd.xml"/>
      <MultiLevel>
         <Switch2 type="float array" count="5">
            0,
            100,
            1000,
            10000,
            1000000
         </Switch2>
         <Level0>
            <VMeshPart>
               <VMeshRef type="VMeshRef">
                  <!-- header size  --> 60,
                  <!-- vmesh lib    --> data.ships.nomad.no_battleship.no_battleship.lod0-112.vms,
                  <!-- start vert   --> 0,
                  <!-- num verts    --> 2081,
                  <!-- start index  --> 0,
                  <!-- num indices  --> 8604,
                  <!-- start mesh   --> 0,
                  <!-- num meshes   --> 3,
                  <!-- bounding box -->  138.44774,     149.87379,   612.51434,
                                        -138.48291,     -94.320305, -641.63159,
                  <!-- center       -->   -0.017585754,  27.776745,  -14.558624,
                  <!-- radius       --> 841.62299
               </VMeshRef>
            </VMeshPart>
         </Level0>
         <Level1>
            <VMeshPart>
               <VMeshRef type="VMeshRef">
                  <!-- header size  --> 60,
                  <!-- vmesh lib    --> data.ships.nomad.no_battleship.no_battleship.lod1-112.vms,
                  <!-- start vert   --> 0,
                  <!-- num verts    --> 1253,
                  <!-- start index  --> 0,
                  <!-- num indices  --> 4182,
                  <!-- start mesh   --> 0,
                  <!-- num meshes   --> 3,
                  <!-- bounding box -->  137.29015,     148.70932,   615.32831,
                                        -137.4888,      -93.976974, -640.96161,
                  <!-- center       -->   -0.099327087,  27.366173,  -12.81665,
                  <!-- radius       --> 840.24683
               </VMeshRef>
            </VMeshPart>
         </Level1>
         <Level2>
            <VMeshPart>
               <VMeshRef type="VMeshRef">
                  <!-- header size  --> 60,
                  <!-- vmesh lib    --> data.ships.nomad.no_battleship.no_battleship.lod2-112.vms,
                  <!-- start vert   --> 0,
                  <!-- num verts    --> 440,
                  <!-- start index  --> 0,
                  <!-- num indices  --> 2274,
                  <!-- start mesh   --> 0,
                  <!-- num meshes   --> 2,
                  <!-- bounding box -->  137.29013,     148.70932,   615.32831,
                                        -137.48878,     -93.976959, -640.96161,
                  <!-- center       -->   -0.099327087,  27.36618,   -12.81665,
                  <!-- radius       --> 840.24683
               </VMeshRef>
            </VMeshPart>
         </Level2>
         <Level3>
            <VMeshPart>
               <VMeshRef type="VMeshRef">
                  <!-- header size  --> 60,
                  <!-- vmesh lib    --> data.ships.nomad.no_battleship.no_battleship.lod3-112.vms,
                  <!-- start vert   --> 0,
                  <!-- num verts    --> 209,
                  <!-- start index  --> 0,
                  <!-- num indices  --> 1116,
                  <!-- start mesh   --> 0,
                  <!-- num meshes   --> 2,
                  <!-- bounding box -->  137.29013,     148.70932,   615.32831,
                                        -137.48878,     -93.976959, -530.21021,
                  <!-- center       -->   -0.099327087,  27.36618,    42.559052,
                  <!-- radius       --> 809.75165
               </VMeshRef>
            </VMeshPart>
         </Level3>
      </MultiLevel>
      <Hardpoints>
         <Fixed>
            <HpEngine01>
               <Position type="Vector">0.49173301, 0.19476557, 606.06873</Position>
               <Orientation type="Matrix">
                    1.0000000000,  68.312495e-09, -125.13273e-09,
                  -68.312524e-09,   1.0000000000, -218.49823e-09,
                   125.13271e-09,  218.49824e-09,   1.0000000000
               </Orientation>
            </HpEngine01>
            <HpHeadlight>
               <Position type="Vector">0.48971647, -23.8085, -470.92612</Position>
               <Orientation type="Matrix">
                    1.0000000000,  195.15896e-09, -46.364555e-09,
                  -195.15896e-09,   1.0000000000,  100.11222e-09,
                   46.364573e-09, -100.11221e-09,   1.0000000000
               </Orientation>
            </HpHeadlight>
            <HpMount>
               <Position type="Vector">0.489714, -75.014999, -330</Position>
               <Orientation type="Matrix">
                    1.0000000000,   0.0000000000,   0.0000000000,
                    0.0000000000,   1.0000000000,   0.0000000000,
                    0.0000000000,   0.0000000000,   1.0000000000
               </Orientation>
            </HpMount>
            <HpCloak01>
               <Position type="Vector">0.4897444, -3.235661, 8.3298721</Position>
               <Orientation type="Matrix">
                    1.0000000000,  195.15896e-09, -46.364555e-09,
                  -195.15896e-09,   1.0000000000,  100.11222e-09,
                   46.364573e-09, -100.11221e-09,   1.0000000000
               </Orientation>
            </HpCloak01>
            <HpShield01>
               <Orientation type="Matrix">
                    1.0000000000,   0.0000000000,   0.0000000000,
                    0.0000000000,   1.0000000000,   0.0000000000,
                    0.0000000000,   0.0000000000,   1.0000000000
               </Orientation>
               <Position type="Vector">1, 1, -20.55</Position>
            </HpShield01>
            <HpRunningLight01>
               <Orientation type="Matrix">
                    1.0000000000,   0.0000000000,   0.0000000000,
                    0.0000000000,   1.0000000000,   0.0000000000,
                    0.0000000000,   0.0000000000,   1.0000000000
               </Orientation>
               <Position type="Vector">0, 0, -642</Position>
            </HpRunningLight01>
            <HpRunningLight02>
               <Orientation type="Matrix">
                    1.0000000000,   0.0000000000,   0.0000000000,
                    0.0000000000,   1.0000000000,   0.0000000000,
                    0.0000000000,   0.0000000000,   1.0000000000
               </Orientation>
               <Position type="Vector">0, 19, -500</Position>
            </HpRunningLight02>
            <HpRunningLight03>
               <Orientation type="Matrix">
                    1.0000000000,   0.0000000000,   0.0000000000,
                    0.0000000000,   1.0000000000,   0.0000000000,
                    0.0000000000,   0.0000000000,   1.0000000000
               </Orientation>
               <Position type="Vector">0, -19, -500</Position>
            </HpRunningLight03>
            <HpRunningLight04>
               <Orientation type="Matrix">
                    1.0000000000,   0.0000000000,   0.0000000000,
                    0.0000000000,   1.0000000000,   0.0000000000,
                    0.0000000000,   0.0000000000,   1.0000000000
               </Orientation>
               <Position type="Vector">19, 0, -500</Position>
            </HpRunningLight04>
            <HpRunningLight05>
               <Orientation type="Matrix">
                    1.0000000000,   0.0000000000,   0.0000000000,
                    0.0000000000,   1.0000000000,   0.0000000000,
                    0.0000000000,   0.0000000000,   1.0000000000
               </Orientation>
               <Position type="Vector">-19, 0, -500</Position>
            </HpRunningLight05>
            <HpRunningLight03>
               <Orientation type="Matrix">
                    1.0000000000,   0.0000000000,   0.0000000000,
                    0.0000000000,   1.0000000000,   0.0000000000,
                    0.0000000000,   0.0000000000,   1.0000000000
               </Orientation>
               <Position type="Vector">0, -19, -500</Position>
            </HpRunningLight03>
            <HpRunningLight04>
               <Orientation type="Matrix">
                    1.0000000000,   0.0000000000,   0.0000000000,
                    0.0000000000,   1.0000000000,   0.0000000000,
                    0.0000000000,   0.0000000000,   1.0000000000
               </Orientation>
               <Position type="Vector">19, 0, -500</Position>
            </HpRunningLight04>
            <HpRunningLight05>
               <Orientation type="Matrix">
                    1.0000000000,   0.0000000000,   0.0000000000,
                    0.0000000000,   1.0000000000,   0.0000000000,
                    0.0000000000,   0.0000000000,   1.0000000000
               </Orientation>
               <Position type="Vector">-19, 0, -500</Position>
            </HpRunningLight05>
            <HpRunningLight06>
               <Orientation type="Matrix">
                    1.0000000000,   0.0000000000,   0.0000000000,
                    0.0000000000,   1.0000000000,   0.0000000000,
                    0.0000000000,   0.0000000000,   1.0000000000
               </Orientation>
               <Position type="Vector">0, 128, -310</Position>
            </HpRunningLight06>
            <HpRunningLight07>
               <Orientation type="Matrix">
                    1.0000000000,   0.0000000000,   0.0000000000,
                    0.0000000000,   1.0000000000,   0.0000000000,
                    0.0000000000,   0.0000000000,   1.0000000000
               </Orientation>
               <Position type="Vector">118, -49, -310</Position>
            </HpRunningLight07>
            <HpRunningLight08>
               <Orientation type="Matrix">
                    1.0000000000,   0.0000000000,   0.0000000000,
                    0.0000000000,   1.0000000000,   0.0000000000,
                    0.0000000000,   0.0000000000,   1.0000000000
               </Orientation>
               <Position type="Vector">-118, -49, -310</Position>
            </HpRunningLight08>
            <HpTractor_source01>
               <Orientation type="Matrix">
                    1.0000000000,   0.0000000000,   0.0000000000,
                    0.0000000000,   1.0000000000,   0.0000000000,
                    0.0000000000,   0.0000000000,   1.0000000000
               </Orientation>
               <Position type="Vector">0, 0, -600</Position>
            </HpTractor_source01>
            <HpCM01>
               <Orientation type="Matrix">
                   -1.0000000000, -87.427907e-09,   0.0000000000,
                   87.427907e-09,  -1.0000000000,  -0.0000000000,
                    0.0000000000,   0.0000000000,   1.0000000000
               </Orientation>
               <Position type="Vector">0, -85.2, 130</Position>
            </HpCM01>
            <HpPilot>
               <Orientation type="Matrix">
                    1.0000000000,   0.0000000000,   0.0000000000,
                    0.0000000000,   1.0000000000,   0.0000000000,
                    0.0000000000,   0.0000000000,   1.0000000000
               </Orientation>
               <Position type="Vector">0, 0, -450</Position>
            </HpPilot>
            <HpBayDoor01>
               <Orientation type="Matrix">
                    1.0000000000,   0.0000000000,   0.0000000000,
                    0.0000000000,   1.0000000000,   0.0000000000,
                    0.0000000000,   0.0000000000,   1.0000000000
               </Orientation>
               <Position type="Vector">-80, 80, -152</Position>
            </HpBayDoor01>
            <HpBayDoor02>
               <Orientation type="Matrix">
                    1.0000000000,   0.0000000000,   0.0000000000,
                    0.0000000000,   1.0000000000,   0.0000000000,
                    0.0000000000,   0.0000000000,   1.0000000000
               </Orientation>
               <Position type="Vector">-90, 90, -152</Position>
            </HpBayDoor02>
            <HpFX01>
               <Orientation type="Matrix">
                    1.0000000000,   0.0000000000,   0.0000000000,
                    0.0000000000,   1.0000000000,   0.0000000000,
                    0.0000000000,   0.0000000000,   1.0000000000
               </Orientation>
               <Position type="Vector">0, 0, 0</Position>
            </HpFX01>
            <HpFX02>
               <Orientation type="Matrix">
                   59.604645e-09,   0.9999998800,   0.0000000000,
                   -0.9999998800,  59.604645e-09,   0.0000000000,
                    0.0000000000,   0.0000000000,   1.0000000000
               </Orientation>
               <Position type="Vector">0, 0, 0</Position>
            </HpFX02>
            <HpFX03>
               <Orientation type="Matrix">
                    1.0000000000,   0.0000000000,   0.0000000000,
                    0.0000000000,   1.0000000000,   0.0000000000,
                    0.0000000000,   0.0000000000,   1.0000000000
               </Orientation>
               <Position type="Vector">0, 0, 0</Position>
            </HpFX03>
            <HpFX04>
               <Orientation type="Matrix">
                    1.0000000000,   0.0000000000,   0.0000000000,
                    0.0000000000,   1.0000000000,   0.0000000000,
                    0.0000000000,   0.0000000000,   1.0000000000
               </Orientation>
               <Position type="Vector">0, 0, 0</Position>
            </HpFX04>
            <HpFX05>
               <Orientation type="Matrix">
                    1.0000000000,   0.0000000000,   0.0000000000,
                    0.0000000000,   1.0000000000,   0.0000000000,
                    0.0000000000,   0.0000000000,   1.0000000000
               </Orientation>
               <Position type="Vector">0, 0, 0</Position>
            </HpFX05>
            <HpFX06>
               <Orientation type="Matrix">
                    1.0000000000,   0.0000000000,   0.0000000000,
                    0.0000000000,   1.0000000000,   0.0000000000,
                    0.0000000000,   0.0000000000,   1.0000000000
               </Orientation>
               <Position type="Vector">0, 0, 0</Position>
            </HpFX06>
            <HpFX07>
               <Orientation type="Matrix">
                    1.0000000000,   0.0000000000,   0.0000000000,
                    0.0000000000,   1.0000000000,   0.0000000000,
                    0.0000000000,   0.0000000000,   1.0000000000
               </Orientation>
               <Position type="Vector">0, 0, 0</Position>
            </HpFX07>
         </Fixed>
         <Revolute>
            <Hp_1_01>
               <Position type="Vector">84.671074, 36.574604, 45.314243</Position>
               <Orientation type="Matrix">
                    0.4226182100,   0.9063078200,   0.0000000000,
                   -0.9063078200,   0.4226182100,   0.0000000000,
                    0.0000000000,   0.0000000000,   1.0000000000
               </Orientation>
               <Axis type="Vector">0, 1, 0</Axis>
               <Min type="float">-3.1415927</Min>
               <Max type="float">3.1415927</Max>
            </Hp_1_01>
            <Hp_1_02>
               <Position type="Vector">-85.54808, 35.898357, 45.31422</Position>
               <Orientation type="Matrix">
                    0.4226182100,  -0.9063078200,  -0.0000000000,
                    0.9063078200,   0.4226182100,   0.0000000000,
                    0.0000000000,  -0.0000000000,   1.0000000000
               </Orientation>
               <Axis type="Vector">0, 1, 0</Axis>
               <Min type="float">-3.1415927</Min>
               <Max type="float">3.1415927</Max>
            </Hp_1_02>
            <Hp_1_03>
               <Position type="Vector">-0.001077, -91.022743, 45.314163</Position>
               <Orientation type="Matrix">
                   -0.9998476500,   0.0174524580,   0.0000000000,
                   -0.0174524580,  -0.9998476500,   0.0000000000,
                    0.0000000000,   0.0000000000,   1.0000000000
               </Orientation>
               <Axis type="Vector">0, 1, 0</Axis>
               <Min type="float">-3.1415927</Min>
               <Max type="float">3.1415927</Max>
            </Hp_1_03>
            <Hp_1_04>
               <Position type="Vector">0.48038101, -0.069684997, -528.34705</Position>
               <Orientation type="Matrix">
                    1.0000000000,   0.0000000000,   0.0000000000,
                    0.0000000000,   1.0000000000,   0.0000000000,
                    0.0000000000,   0.0000000000,   1.0000000000
               </Orientation>
               <Axis type="Vector">0, 1, 0</Axis>
               <Min type="float">-1.5707964</Min>
               <Max type="float">1.5707964</Max>
            </Hp_1_04>
            <Hp_1_05>
               <Position type="Vector">0.485663, 19.719349, 563.87311</Position>
               <Orientation type="Matrix">
                   -0.9998476500,   0.0174524580,  1.5257424e-09,
                    0.0174524580,   0.9998477100,  87.409454e-09,
                  -55.511151e-18,  87.422769e-09,  -1.0000000000
               </Orientation>
               <Axis type="Vector">0, 1, 0</Axis>
               <Min type="float">-1.9198622</Min>
               <Max type="float">1.9198622</Max>
            </Hp_1_05>
            <Hp_1_06>
               <Position type="Vector">0.48218501, -19.823906, 563.87292</Position>
               <Orientation type="Matrix">
                    1.0000000000,   0.0000000000,  -0.0000000000,
                   -0.0000000000,  -0.9998476500,  -0.0174524580,
                    0.0000000000,   0.0174524580,  -0.9998476500
               </Orientation>
               <Axis type="Vector">0, 1, 0</Axis>
               <Min type="float">-1.9198622</Min>
               <Max type="float">1.9198622</Max>
            </Hp_1_06>
            <Hp_1_07>
               <Position type="Vector">138.41045, -57.344505, -124.995</Position>
               <Orientation type="Matrix">
                   -0.3255682000,   0.9455186100,   0.0000000000,
                   -0.9455186100,  -0.3255682000,   0.0000000000,
                    0.0000000000,   0.0000000000,   1.0000000000
               </Orientation>
               <Axis type="Vector">0, 1, 0</Axis>
               <Min type="float">-3.1415927</Min>
               <Max type="float">3.1415927</Max>
            </Hp_1_07>
            <Hp_1_08>
               <Position type="Vector">-138.44511, -57.26104, -125.03112</Position>
               <Orientation type="Matrix">
                   -0.3746067300,  -0.9271838100,  -0.0000000000,
                    0.9271838100,  -0.3746067300,   0.0000000000,
                    0.0000000000,  -0.0000000000,   1.0000000000
               </Orientation>
               <Axis type="Vector">0, 1, 0</Axis>
               <Min type="float">-3.1415927</Min>
               <Max type="float">3.1415927</Max>
            </Hp_1_08>
            <Hp_1_09>
               <Position type="Vector">0.054653, 149.85959, -124.97195</Position>
               <Orientation type="Matrix">
                    1.0000000000,   0.0000000000,   0.0000000000,
                    0.0000000000,   1.0000000000,   0.0000000000,
                    0.0000000000,   0.0000000000,   1.0000000000
               </Orientation>
               <Axis type="Vector">0, 1, 0</Axis>
               <Min type="float">-3.1415927</Min>
               <Max type="float">3.1415927</Max>
            </Hp_1_09>
            <Hp_1_10>
               <Position type="Vector">-23.580198, -11.419474, 378.34442</Position>
               <Orientation type="Matrix">
                    0.5000000000,  -0.8528685000,  -0.1503837700,
                   -0.8660253900,  -0.4924040400,  -0.0868240300,
                  -89.406967e-09,   0.1736481800,  -0.9848078500
               </Orientation>
               <Axis type="Vector">0, 1, 0</Axis>
               <Min type="float">-1.7453293</Min>
               <Max type="float">1.7453293</Max>
            </Hp_1_10>
            <Hp_1_11>
               <Position type="Vector">23.163633, -11.04217, 378.43799</Position>
               <Orientation type="Matrix">
                    0.5000000000,   0.8528685000,   0.1503836800,
                    0.8660253900,  -0.4924040400,  -0.0868241790,
                  -81.956387e-09,   0.1736481800,  -0.9848078500
               </Orientation>
               <Axis type="Vector">0, 1, 0</Axis>
               <Min type="float">-1.5707964</Min>
               <Max type="float">1.5707964</Max>
            </Hp_1_11>
            <Hp_1_12>
               <Position type="Vector">-0.005623, 27.611813, 378.43802</Position>
               <Orientation type="Matrix">
                   -1.0000000000,  888.17842e-18,  87.422777e-09,
                   15.180806e-09,   0.9848077300,   0.1736481800,
                  -86.094630e-09,   0.1736481800,  -0.9848078500
               </Orientation>
               <Axis type="Vector">0, 1, 0</Axis>
               <Min type="float">-1.5707964</Min>
               <Max type="float">1.5707964</Max>
            </Hp_1_12>
            <Hp_1_13>
               <Position type="Vector">60.305733, 23.437, -352.79956</Position>
               <Orientation type="Matrix">
                    0.4214038300,   0.8861254500,   0.1928741200,
                   -0.8788451000,   0.4515035200,  -0.1541941800,
                   -0.2237187200,  -0.1045284600,   0.9690323500
               </Orientation>
               <Axis type="Vector">0, 1, 0</Axis>
               <Min type="float">-3.1415927</Min>
               <Max type="float">3.1415927</Max>
            </Hp_1_13>
            <Hp_1_14>
               <Position type="Vector">-60.390926, 23.522434, -352.79956</Position>
               <Orientation type="Matrix">
                    0.4214038300,  -0.8861254500,  -0.1928741200,
                    0.8788451000,   0.4515035200,  -0.1541941800,
                    0.2237187200,  -0.1045284600,   0.9690323500
               </Orientation>
               <Axis type="Vector">0, 1, 0</Axis>
               <Min type="float">-3.1415927</Min>
               <Max type="float">3.1415927</Max>
            </Hp_1_14>
            <Hp_1_15>
               <Position type="Vector">0.35815299, -64.734283, -352.79959</Position>
               <Orientation type="Matrix">
                   -0.9998476500,   0.0168577810,  -0.0045170286,
                   -0.0174524600,  -0.9657787100,   0.2587796400,
                    0.0000000000,   0.2588190400,   0.9659258100
               </Orientation>
               <Axis type="Vector">0, 1, 0</Axis>
               <Min type="float">-3.1415927</Min>
               <Max type="float">3.1415927</Max>
            </Hp_1_15>
            <Hp_1_16>
               <Axis type="Vector">0, 1, 0</Axis>
               <Max type="float">6.2831855</Max>
               <Min type="float">-6.2831855</Min>
               <Orientation type="Matrix">
                   59.604645e-09,   0.9999998800,   0.0000000000,
                   -0.9999998800,  59.604645e-09,   0.0000000000,
                    0.0000000000,   0.0000000000,   1.0000000000
               </Orientation>
               <Position type="Vector">135.49347, -56.209774, -160.79309</Position>
            </Hp_1_16>
            <Hp_1_17>
               <Axis type="Vector">0, 1, 0</Axis>
               <Max type="float">6.2831855</Max>
               <Min type="float">-6.2831855</Min>
               <Orientation type="Matrix">
                   59.604645e-09,  -0.9999998800,  -0.0000000000,
                    0.9999998800,  59.604645e-09,   0.0000000000,
                    0.0000000000,  -0.0000000000,   1.0000000000
               </Orientation>
               <Position type="Vector">-135.60484, -56.02272, -159.52863</Position>
            </Hp_1_17>
            <Hp_1_18>
               <Axis type="Vector">0, 1, 0</Axis>
               <Max type="float">6.2831855</Max>
               <Min type="float">-6.2831855</Min>
               <Orientation type="Matrix">
                    1.0000000000,   0.0000000000,   0.0000000000,
                    0.0000000000,   1.0000000000,   0.0000000000,
                    0.0000000000,   0.0000000000,   1.0000000000
               </Orientation>
               <Position type="Vector">-0.018254001, 146.57289, -161.35144</Position>
            </Hp_1_18>
            <Hp_1_19>
               <Axis type="Vector">0, 1, 0</Axis>
               <Max type="float">1.5707964</Max>
               <Min type="float">-1.5707964</Min>
               <Orientation type="Matrix">
                    1.0000000000,   0.0000000000,   0.0000000000,
                    0.0000000000,   0.9396926200,   0.3420200900,
                    0.0000000000,  -0.3420200900,   0.9396926200
               </Orientation>
               <Position type="Vector">0.050905, 64.770905, -352.58731</Position>
            </Hp_1_19>
            <Hp_1_20>
               <Axis type="Vector">0, 1, 0</Axis>
               <Max type="float">1.5707964</Max>
               <Min type="float">-1.5707964</Min>
               <Orientation type="Matrix">
                   59.604645e-09,  -0.9999998800,  -0.0000000000,
                    0.9999998800,  59.604645e-09,   0.0000000000,
                    0.0000000000,  -0.0000000000,   1.0000000000
               </Orientation>
               <Position type="Vector">-60.02557, -24.929045, -351.97345</Position>
            </Hp_1_20>
            <Hp_1_21>
               <Axis type="Vector">0, 1, 0</Axis>
               <Max type="float">1.5707964</Max>
               <Min type="float">-1.5707964</Min>
               <Orientation type="Matrix">
                   59.604645e-09,   0.9999998800,   0.0000000000,
                   -0.9999998800,  59.604645e-09,   0.0000000000,
                    0.0000000000,   0.0000000000,   1.0000000000
               </Orientation>
               <Position type="Vector">60.013008, -24.419548, -352.47595</Position>
            </Hp_1_21>
            <HpTorpedo01>
               <Axis type="Vector">0, 1, 0</Axis>
               <Max type="float">0.78539819</Max>
               <Min type="float">-0.78539819</Min>
               <Orientation type="Matrix">
                   -1.0000000000, -87.422777e-09,   0.0000000000,
                   87.422777e-09,  -1.0000000000,  -0.0000000000,
                    0.0000000000,   0.0000000000,   1.0000000000
               </Orientation>
               <Position type="Vector">-0.030967001, -94.26532, -152.56601</Position>
            </HpTorpedo01>
            <HpTurret01>
               <Axis type="Vector">0, 1, 0</Axis>
               <Max type="float">1.5707964</Max>
               <Min type="float">-1.5707964</Min>
               <Orientation type="Matrix">
                   238.41858e-09,   0.9999997600, -59.604645e-09,
                   59.604645e-09,  178.81393e-09,  -0.9999997600,
                   -0.9999997600,   0.0000000000,  178.81393e-09
               </Orientation>
               <Position type="Vector">14.498526, 119.67798, -57.324409</Position>
            </HpTurret01>
            <HpTurret02>
               <Axis type="Vector">0, 1, 0</Axis>
               <Max type="float">1.5707964</Max>
               <Min type="float">-1.5707964</Min>
               <Orientation type="Matrix">
                   238.41858e-09,  -0.9999997600,  59.604645e-09,
                  -59.604645e-09,  178.81393e-09,  -0.9999997600,
                    0.9999997600,   0.0000000000,  178.81393e-09
               </Orientation>
               <Position type="Vector">-14.389824, 119.60924, -57.312462</Position>
            </HpTurret02>
            <HpTurret03>
               <Axis type="Vector">0, 1, 0</Axis>
               <Max type="float">0.78539819</Max>
               <Min type="float">-0.78539819</Min>
               <Orientation type="Matrix">
                   -0.0754791200,  -0.8627297900,   0.5000000000,
                    0.0435777600,   0.4980973900,   0.8660253300,
                   -0.9961946000,   0.0871557890, -59.604645e-09
               </Orientation>
               <Position type="Vector">-125.69882, -44.355991, -93.887375</Position>
            </HpTurret03>
            <HpTurret04>
               <Axis type="Vector">0, 1, 0</Axis>
               <Max type="float">0.78539819</Max>
               <Min type="float">-0.78539819</Min>
               <Orientation type="Matrix">
                   -0.0754791200,   0.8627297900,  -0.5000000000,
                   -0.0435777600,   0.4980973900,   0.8660253300,
                    0.9961946000,   0.0871557890, -59.604645e-09
               </Orientation>
               <Position type="Vector">127.06696, -44.702438, -91.238976</Position>
            </HpTurret04>
            <HpTurret05>
               <Axis type="Vector">0, 1, 0</Axis>
               <Max type="float">0.78539819</Max>
               <Min type="float">-0.78539819</Min>
               <Orientation type="Matrix">
                   -0.1218693300,  -0.9925462000,  10.654151e-09,
                   -0.9925462000,   0.1218692700,  86.771145e-09,
                  -87.422777e-09,   0.0000000000,  -1.0000000000
               </Orientation>
               <Position type="Vector">-86.705536, 28.941549, 65.175247</Position>
            </HpTurret05>
            <HpTurret06>
               <Axis type="Vector">0, 1, 0</Axis>
               <Max type="float">0.78539819</Max>
               <Min type="float">-0.78539819</Min>
               <Orientation type="Matrix">
                   -0.1218693300,   0.9925462000,  10.654151e-09,
                    0.9925462000,   0.1218692700, -86.771145e-09,
                  -87.422777e-09,   0.0000000000,  -1.0000000000
               </Orientation>
               <Position type="Vector">86.398323, 29.305677, 65.317093</Position>
            </HpTurret06>
            <HpTurret07>
               <Axis type="Vector">0, 1, 0</Axis>
               <Max type="float">1.5707964</Max>
               <Min type="float">-1.5707964</Min>
               <Orientation type="Matrix">
                    1.0000000000, -87.422777e-09, -87.422777e-09,
                  -87.422777e-09,  -1.0000000000,  7.6427419e-15,
                  -87.422777e-09,   0.0000000000,  -1.0000000000
               </Orientation>
               <Position type="Vector">0.45376301, -87.990631, 103.01086</Position>
            </HpTurret07>
            <HpTurret08>
               <Axis type="Vector">0, 1, 0</Axis>
               <Max type="float">1.0471976</Max>
               <Min type="float">-1.0471976</Min>
               <Orientation type="Matrix">
                   -1.0000000000,  444.08921e-18,  87.422784e-09,
                  -7.6193967e-09,   0.9961947200,  -0.0871557440,
                  -87.090108e-09,  -0.0871557440,  -0.9961947200
               </Orientation>
               <Position type="Vector">-0.007234, 58.908066, 115.87691</Position>
            </HpTurret08>
            <HpTurret09>
               <Axis type="Vector">0, 1, 0</Axis>
               <Max type="float">1.5707964</Max>
               <Min type="float">-1.5707964</Min>
               <Orientation type="Matrix">
                    1.0000000000, -86.094637e-09, -102.60359e-09,
                  -102.60359e-09,  -0.9848078500,  -0.1736481800,
                  -86.094637e-09,   0.1736481800,  -0.9848078500
               </Orientation>
               <Position type="Vector">0.12617099, -37.660877, 294.15689</Position>
            </HpTurret09>
         </Revolute>
      </Hardpoints>
      <Material_library name="Material library">
         <Material_count name="Material count" type="int">3</Material_count>
         <Nomad_surface name="Nomad surface">
            <Type type="text">DcDtBtTwo</Type>
            <Dt_name type="text">N-dtl2-256.TGA</Dt_name>
            <Dt_flags type="int">0x40</Dt_flags>
            <Bt_name type="text">Nomad_gradiant1.tga</Bt_name>
            <Bt_flags type="int">0x40</Bt_flags>
         </Nomad_surface>
         <Nomad_frame name="Nomad frame">
            <Type type="text">DcDtBtOcOtTwo</Type>
            <Dt_name type="text">N-dtl1-64.tga</Dt_name>
            <Dt_flags type="int">0x40</Dt_flags>
            <Bt_name type="text">Nomad_gradiant3.tga</Bt_name>
            <Bt_flags type="int">0x40</Bt_flags>
            <Oc type="float">0.3</Oc>
         </Nomad_frame>
         <Nomad_Interior name="Nomad Interior">
            <Type type="text">DcDtBtOcOtTwo</Type>
            <Dc type="RGB">0.4, 0.83137262, 0.34117648</Dc>
            <Dt_name type="text">n-dtl2-256G.tga</Dt_name>
            <Dt_flags type="int">0x40</Dt_flags>
            <Bt_name type="text">mip0.tga</Bt_name>
            <Bt_flags type="int">0x40</Bt_flags>
            <Oc type="float">0.3</Oc>
         </Nomad_Interior>
      </Material_library>
      <Texture_library name="Texture library">
         <mip0.tga>
            <MIPS type="file" filename="no_battleship_3db\mip0.dds"/>
         </mip0.tga>
         <n-dtl2-256G.tga>
            <MIPS type="file" filename="no_battleship_3db\n-dtl2-256G.dds"/>
         </n-dtl2-256G.tga>
         <Nomad_gradiant3.tga>
            <MIPS type="file" filename="no_battleship_3db\Nomad_gradiant3.dds"/>
         </Nomad_gradiant3.tga>
         <N-dtl1-64.tga>
            <MIPS type="file" filename="no_battleship_3db\N-dtl1-64.dds"/>
         </N-dtl1-64.tga>
         <Nomad_gradiant1.tga>
            <MIPS type="file" filename="no_battleship_3db\Nomad_gradiant1.dds"/>
         </Nomad_gradiant1.tga>
         <N-dtl2-256.TGA>
            <MIPS type="file" filename="no_battleship_3db\N-dtl2-256.dds"/>
         </N-dtl2-256.TGA>
      </Texture_library>
   </UTF_ROOT>
</UTFXML>
