<?xml version="1.0" encoding="ISO-8859-1"?>
<!-- XML generated by UTFXML Version 2.2 built 19-Aug-2010 -->
<UTFXML filename="no_cruiser.3db" path="SHIPS\NOMAD\no_cruiser">
   <UTF_ROOT>
      <Material_library name="Material library">
         <Material_count name="Material count" type="int">3</Material_count>
         <Nomad_surface name="Nomad surface">
            <Type type="text">DcDtBtTwo</Type>
            <Dt_name type="text">N-dtl2-256.TGA</Dt_name>
            <Dt_flags type="int">0x40</Dt_flags>
            <Bt_name type="text">Nomad_gradiant1.tga</Bt_name>
            <Bt_flags type="int">0x40</Bt_flags>
         </Nomad_surface>
         <Nomad_frame name="Nomad frame">
            <Type type="text">DcDtBtOcOtTwo</Type>
            <Dt_name type="text">N-dtl1-64.tga</Dt_name>
            <Dt_flags type="int">0x40</Dt_flags>
            <Bt_name type="text">Nomad_gradiant3.tga</Bt_name>
            <Bt_flags type="int">0x40</Bt_flags>
            <Oc type="float">0.3</Oc>
         </Nomad_frame>
         <Nomad_Interior name="Nomad Interior">
            <Type type="text">DcDtBtOcOtTwo</Type>
            <Dc type="RGB">0.4, 0.83137262, 0.34117648</Dc>
            <Dt_name type="text">n-dtl2-256G.tga</Dt_name>
            <Dt_flags type="int">0x40</Dt_flags>
            <Bt_name type="text">mip0.tga</Bt_name>
            <Bt_flags type="int">0x40</Bt_flags>
            <Oc type="float">0.3</Oc>
         </Nomad_Interior>
      </Material_library>
      <Texture_library name="Texture library">
         <mip0.tga>
            <MIPS type="file" filename="no_cruiser_3db\mip0.dds"/>
         </mip0.tga>
         <n-dtl2-256G.tga>
            <MIPS type="file" filename="no_cruiser_3db\n-dtl2-256G.dds"/>
         </n-dtl2-256G.tga>
         <Nomad_gradiant3.tga>
            <MIPS type="file" filename="no_cruiser_3db\Nomad_gradiant3.dds"/>
         </Nomad_gradiant3.tga>
         <N-dtl1-64.tga>
            <MIPS type="file" filename="no_cruiser_3db\N-dtl1-64.dds"/>
         </N-dtl1-64.tga>
         <Nomad_gradiant1.tga>
            <MIPS type="file" filename="no_cruiser_3db\Nomad_gradiant1.dds"/>
         </Nomad_gradiant1.tga>
         <N-dtl2-256.TGA>
            <MIPS type="file" filename="no_cruiser_3db\N-dtl2-256.dds"/>
         </N-dtl2-256.TGA>
      </Texture_library>
      <Hardpoints>
         <Fixed>
            <HpEngine01>
               <Orientation type="Matrix">
                    1.0000000000,   0.0000000000,   0.0000000000,
                    0.0000000000,   1.0000000000,   0.0000000000,
                    0.0000000000,   0.0000000000,   1.0000000000
               </Orientation>
               <Position type="Vector">0, -9.545, 153.64</Position>
            </HpEngine01>
            <HpHeadLight01>
               <Orientation type="Matrix">
                    1.0000000000,   0.0000000000,   0.0000000000,
                    0.0000000000,   1.0000000000,   0.0000000000,
                    0.0000000000,   0.0000000000,   1.0000000000
               </Orientation>
               <Position type="Vector">0, -9.5182447, -153.0257</Position>
            </HpHeadLight01>
            <HpMount>
               <Orientation type="Matrix">
                    1.0000000000,   0.0000000000,   0.0000000000,
                    0.0000000000,   1.0000000000,   0.0000000000,
                    0.0000000000,   0.0000000000,   1.0000000000
               </Orientation>
               <Position type="Vector">0, -46, -109.25</Position>
            </HpMount>
            <HpCloak01>
               <Orientation type="Matrix">
                    1.0000000000,   0.0000000000,   0.0000000000,
                    0.0000000000,   1.0000000000,   0.0000000000,
                    0.0000000000,   0.0000000000,   1.0000000000
               </Orientation>
               <Position type="Vector">0, -10, 0</Position>
            </HpCloak01>
            <HpTractor_Source01>
               <Orientation type="Matrix">
                    1.0000000000,   0.0000000000,   0.0000000000,
                    0.0000000000,   1.0000000000,   0.0000000000,
                    0.0000000000,   0.0000000000,   1.0000000000
               </Orientation>
               <Position type="Vector">0, -9.5572109, -152.55962</Position>
            </HpTractor_Source01>
            <HpShield01>
               <Orientation type="Matrix">
                    1.0000000000,   0.0000000000,   0.0000000000,
                    0.0000000000,   1.0000000000,   0.0000000000,
                    0.0000000000,   0.0000000000,   1.0000000000
               </Orientation>
               <Position type="Vector">0, -9.5, -65</Position>
            </HpShield01>
            <HpThruster01>
               <Orientation type="Matrix">
                    1.0000000000,   0.0000000000,   0.0000000000,
                    0.0000000000,   1.0000000000,   0.0000000000,
                    0.0000000000,   0.0000000000,   1.0000000000
               </Orientation>
               <Position type="Vector">0, -9.2, 149.5</Position>
            </HpThruster01>
            <HpCM01>
               <Orientation type="Matrix">
                    1.0000000000,   0.0000000000,   0.0000000000,
                    0.0000000000,   1.0000000000,   0.0000000000,
                    0.0000000000,   0.0000000000,   1.0000000000
               </Orientation>
               <Position type="Vector">0, -9.3154716, 152</Position>
            </HpCM01>
            <HpBayDoor01>
               <Orientation type="Matrix">
                    1.0000000000,   0.0000000000,   0.0000000000,
                    0.0000000000,   1.0000000000,   0.0000000000,
                    0.0000000000,   0.0000000000,   1.0000000000
               </Orientation>
               <Position type="Vector">0, -46, 11.620829</Position>
            </HpBayDoor01>
            <HpBayDoor02>
               <Orientation type="Matrix">
                    1.0000000000,   0.0000000000,   0.0000000000,
                    0.0000000000,   1.0000000000,   0.0000000000,
                    0.0000000000,   0.0000000000,   1.0000000000
               </Orientation>
               <Position type="Vector">0, -69, 13.8</Position>
            </HpBayDoor02>
            <HpPilot>
               <Orientation type="Matrix">
                    1.0000000000,   0.0000000000,   0.0000000000,
                    0.0000000000,   1.0000000000,   0.0000000000,
                    0.0000000000,   0.0000000000,   1.0000000000
               </Orientation>
               <Position type="Vector">0, -11.018145, -107.78414</Position>
            </HpPilot>
            <HpShield02>
               <Orientation type="Matrix">
                    1.0000000000,   0.0000000000,   0.0000000000,
                    0.0000000000,   1.0000000000,   0.0000000000,
                    0.0000000000,   0.0000000000,   1.0000000000
               </Orientation>
               <Position type="Vector">0, -9.5, 85</Position>
            </HpShield02>
            <HpDockingBay01>
               <Orientation type="Matrix">
                    1.0000000000,   0.0000000000,   0.0000000000,
                    0.0000000000,  -0.1736481200,   0.9848076700,
                    0.0000000000,  -0.9848076700,  -0.1736481200
               </Orientation>
               <Position type="Vector">0, 21.629951, 97.793709</Position>
            </HpDockingBay01>
            <HpSpecialEquipment01>
               <Orientation type="Matrix">
                   -0.4999996400,   0.1503838000,  -0.8528685000,
                    0.8660253300,   0.0868241790,  -0.4924036300,
                    0.0000000000,  -0.9848076100,  -0.1736481200
               </Orientation>
               <Position type="Vector">-27.45396, -26.29653, 97.782539</Position>
            </HpSpecialEquipment01>
            <HpSpecialEquipment02>
               <Orientation type="Matrix">
                   -0.4999998800,  -0.1503837700,   0.8528685000,
                   -0.8660253900,   0.0868241790,  -0.4924038100,
                    0.0000000000,  -0.9848076700,  -0.1736481200
               </Orientation>
               <Position type="Vector">27.53261, -26.105495, 97.797615</Position>
            </HpSpecialEquipment02>
            <HpNew01>
               <Orientation type="Matrix">
                    1.0000000000,   0.0000000000,   0.0000000000,
                    0.0000000000,   1.0000000000,   0.0000000000,
                    0.0000000000,   0.0000000000,   1.0000000000
               </Orientation>
               <Position type="Vector">0, 0, 0</Position>
            </HpNew01>
            <HpNew02>
               <Orientation type="Matrix">
                    1.0000000000,   0.0000000000,   0.0000000000,
                    0.0000000000,   1.0000000000,   0.0000000000,
                    0.0000000000,   0.0000000000,   1.0000000000
               </Orientation>
               <Position type="Vector">0, 0, 0</Position>
            </HpNew02>
            <HpNew03>
               <Orientation type="Matrix">
                    1.0000000000,   0.0000000000,   0.0000000000,
                    0.0000000000,   1.0000000000,   0.0000000000,
                    0.0000000000,   0.0000000000,   1.0000000000
               </Orientation>
               <Position type="Vector">0, 0, 0</Position>
            </HpNew03>
            <HpFX01>
               <Orientation type="Matrix">
                    1.0000000000,   0.0000000000,   0.0000000000,
                    0.0000000000,   1.0000000000,   0.0000000000,
                    0.0000000000,   0.0000000000,   1.0000000000
               </Orientation>
               <Position type="Vector">0, 0, 0</Position>
            </HpFX01>
            <HpFX02>
               <Orientation type="Matrix">
                   59.604645e-09,   0.9999998800,   0.0000000000,
                   -0.9999998800,  59.604645e-09,   0.0000000000,
                    0.0000000000,   0.0000000000,   1.0000000000
               </Orientation>
               <Position type="Vector">0, 0, 0</Position>
            </HpFX02>
            <HpFX03>
               <Orientation type="Matrix">
                    1.0000000000,   0.0000000000,   0.0000000000,
                    0.0000000000,  59.604645e-09,   0.9999998800,
                    0.0000000000,  -0.9999998800,  59.604645e-09
               </Orientation>
               <Position type="Vector">0, 0, 0</Position>
            </HpFX03>
            <HpFX04>
               <Orientation type="Matrix">
                    1.0000000000,   0.0000000000,   0.0000000000,
                    0.0000000000,   1.0000000000,   0.0000000000,
                    0.0000000000,   0.0000000000,   1.0000000000
               </Orientation>
               <Position type="Vector">0, 0, 0</Position>
            </HpFX04>
            <HpFX05>
               <Orientation type="Matrix">
                    1.0000000000,   0.0000000000,   0.0000000000,
                    0.0000000000,   1.0000000000,   0.0000000000,
                    0.0000000000,   0.0000000000,   1.0000000000
               </Orientation>
               <Position type="Vector">0, 0, 0</Position>
            </HpFX05>
            <HpFX06>
               <Orientation type="Matrix">
                    1.0000000000,   0.0000000000,   0.0000000000,
                    0.0000000000,   1.0000000000,   0.0000000000,
                    0.0000000000,   0.0000000000,   1.0000000000
               </Orientation>
               <Position type="Vector">0, 0, 0</Position>
            </HpFX06>
            <HpFX07>
               <Orientation type="Matrix">
                    1.0000000000,   0.0000000000,   0.0000000000,
                    0.0000000000,   1.0000000000,   0.0000000000,
                    0.0000000000,   0.0000000000,   1.0000000000
               </Orientation>
               <Position type="Vector">0, 0, 0</Position>
            </HpFX07>
         </Fixed>
         <Revolute>
            <Hp_1_01>
               <Axis type="Vector">0, 1, 0</Axis>
               <Max type="float">3.1415927</Max>
               <Min type="float">-3.1415927</Min>
               <Orientation type="Matrix">
                    1.0000000000,   0.0000000000,   0.0000000000,
                    0.0000000000,   1.0000000000,   0.0000000000,
                    0.0000000000,   0.0000000000,   1.0000000000
               </Orientation>
               <Position type="Vector">0, 25.875, -37.375</Position>
            </Hp_1_01>
            <Hp_1_02>
               <Axis type="Vector">0, 1, 0</Axis>
               <Max type="float">3.1415927</Max>
               <Min type="float">-3.1415927</Min>
               <Orientation type="Matrix">
                   -1.0000000000, -87.427907e-09,   0.0000000000,
                   87.427907e-09,  -1.0000000000,  -0.0000000000,
                    0.0000000000,   0.0000000000,   1.0000000000
               </Orientation>
               <Position type="Vector">0, -44.274998, -37.375</Position>
            </Hp_1_02>
            <Hp_1_03>
               <Axis type="Vector">0, 1, 0</Axis>
               <Max type="float">3.1415927</Max>
               <Min type="float">-3.1415927</Min>
               <Orientation type="Matrix">
                  -119.20929e-09,   0.9999996400,   0.0000000000,
                   -0.9999996400, -119.20929e-09,   0.0000000000,
                    0.0000000000,   0.0000000000,   1.0000000000
               </Orientation>
               <Position type="Vector">35.42, -9.775, -37.375</Position>
            </Hp_1_03>
            <Hp_1_04>
               <Axis type="Vector">0, 1, 0</Axis>
               <Max type="float">3.1415927</Max>
               <Min type="float">-3.1415927</Min>
               <Orientation type="Matrix">
                  -119.20929e-09,  -0.9999996400,  -0.0000000000,
                    0.9999996400, -119.20929e-09,   0.0000000000,
                    0.0000000000,  -0.0000000000,   1.0000000000
               </Orientation>
               <Position type="Vector">-35.42, -9.775, -37.375</Position>
            </Hp_1_04>
            <Hp_1_05>
               <Axis type="Vector">0, 1, 0</Axis>
               <Max type="float">1.9198622</Max>
               <Min type="float">-1.9198622</Min>
               <Orientation type="Matrix">
                  -119.20929e-09,   0.9999996400,   0.0000000000,
                   -0.9999996400, -119.20929e-09,   0.0000000000,
                    0.0000000000,   0.0000000000,   1.0000000000
               </Orientation>
               <Position type="Vector">11.96, -9.545, -106.95</Position>
            </Hp_1_05>
            <Hp_1_06>
               <Axis type="Vector">0, 1, 0</Axis>
               <Max type="float">1.9198622</Max>
               <Min type="float">-1.9198622</Min>
               <Orientation type="Matrix">
                  -119.20929e-09,  -0.9999996400,  -0.0000000000,
                    0.9999996400, -119.20929e-09,   0.0000000000,
                    0.0000000000,  -0.0000000000,   1.0000000000
               </Orientation>
               <Position type="Vector">-11.96, -9.545, -106.95</Position>
            </Hp_1_06>
            <Hp_1_07>
               <Axis type="Vector">0, 1, 0</Axis>
               <Max type="float">1.5707964</Max>
               <Min type="float">-1.5707964</Min>
               <Orientation type="Matrix">
                    1.0000000000,   0.0000000000,   0.0000000000,
                    0.0000000000,   1.0000000000,   0.0000000000,
                    0.0000000000,   0.0000000000,   1.0000000000
               </Orientation>
               <Position type="Vector">0, 2.185, -106.95</Position>
            </Hp_1_07>
            <Hp_1_08>
               <Axis type="Vector">0, 1, 0</Axis>
               <Max type="float">1.5707964</Max>
               <Min type="float">-1.5707964</Min>
               <Orientation type="Matrix">
                   -1.0000000000,   0.0000000000,  87.427907e-09,
                    0.0000000000,   1.0000000000,  -0.0000000000,
                  -87.427907e-09,   0.0000000000,  -1.0000000000
               </Orientation>
               <Position type="Vector">0, 6.095, 136.84999</Position>
            </Hp_1_08>
            <Hp_1_09>
               <Axis type="Vector">0, 1, 0</Axis>
               <Max type="float">3.1415927</Max>
               <Min type="float">-3.1415927</Min>
               <Orientation type="Matrix">
                  -119.20929e-09,   0.8829473300,  -0.4694713700,
                   -0.9999996400, -119.20929e-09,  238.41858e-09,
                    0.0000000000,   0.4694713700,   0.8829476800
               </Orientation>
               <Position type="Vector">28.75, -7.6704998, 57.844997</Position>
            </Hp_1_09>
            <Hp_1_10>
               <Axis type="Vector">0, 1, 0</Axis>
               <Max type="float">3.1415927</Max>
               <Min type="float">-3.1415927</Min>
               <Orientation type="Matrix">
                  -119.20929e-09,  -0.8829473300,   0.4694713700,
                    0.9999996400, -119.20929e-09,  238.41858e-09,
                    0.0000000000,   0.4694713700,   0.8829476800
               </Orientation>
               <Position type="Vector">-28.75, -7.6704998, 57.844997</Position>
            </Hp_1_10>
            <Hp_1_11>
               <Axis type="Vector">0, 1, 0</Axis>
               <Max type="float">3.1415927</Max>
               <Min type="float">-3.1415927</Min>
               <Orientation type="Matrix">
                    1.0000000000,   0.0000000000,  -0.0000000000,
                   -0.0000000000,   0.8829476200,  -0.4694715400,
                    0.0000000000,   0.4694715400,   0.8829476200
               </Orientation>
               <Position type="Vector">0, 19.55, 57.844997</Position>
            </Hp_1_11>
            <Hp_1_12>
               <Axis type="Vector">0, 1, 0</Axis>
               <Max type="float">3.1415927</Max>
               <Min type="float">-3.1415927</Min>
               <Orientation type="Matrix">
                   -1.0000000000, -77.194258e-09,  41.044913e-09,
                   87.427907e-09,  -0.8829475600,   0.4694715400,
                    0.0000000000,   0.4694715400,   0.8829476200
               </Orientation>
               <Position type="Vector">0, -38.524998, 57.844997</Position>
            </Hp_1_12>
            <HpTorpedo01>
               <Axis type="Vector">0, 1, 0</Axis>
               <Max type="float">0.34906584</Max>
               <Min type="float">-0.34906584</Min>
               <Orientation type="Matrix">
                   -1.0000000000, -87.427907e-09,   0.0000000000,
                   87.427907e-09,  -1.0000000000,  -0.0000000000,
                    0.0000000000,   0.0000000000,   1.0000000000
               </Orientation>
               <Position type="Vector">0, -21.505001, -110.17</Position>
            </HpTorpedo01>
            <HpTorpedo02>
               <Axis type="Vector">0, 1, 0</Axis>
               <Max type="float">0.34906584</Max>
               <Min type="float">-0.34906584</Min>
               <Orientation type="Matrix">
                   -1.0000000000, -87.427907e-09,   0.0000000000,
                   87.427907e-09,  -1.0000000000,  -0.0000000000,
                    0.0000000000,   0.0000000000,   1.0000000000
               </Orientation>
               <Position type="Vector">0, -21.505001, -109.25</Position>
            </HpTorpedo02>
            <Hp_1_13>
               <Axis type="Vector">0, 1, 0</Axis>
               <Max type="float">1.5707964</Max>
               <Min type="float">-1.5707964</Min>
               <Orientation type="Matrix">
                    1.0000000000, -87.422777e-09, -87.422777e-09,
                  -87.422777e-09,  -1.0000000000,  7.6427419e-15,
                  -87.422777e-09,   0.0000000000,  -1.0000000000
               </Orientation>
               <Position type="Vector">-0.266186, -25.096586, 137.0481</Position>
            </Hp_1_13>
            <HpTurret01>
               <Axis type="Vector">0, 1, 0</Axis>
               <Max type="float">1.5707964</Max>
               <Min type="float">-1.5707964</Min>
               <Orientation type="Matrix">
                   -1.0000000000,   0.0000000000,  87.422777e-09,
                    0.0000000000,   1.0000000000,  -0.0000000000,
                  -87.422777e-09,   0.0000000000,  -1.0000000000
               </Orientation>
               <Position type="Vector">-0.013435, 6.1887321, 137.2446</Position>
            </HpTurret01>
            <HpTurret02>
               <Axis type="Vector">0, 1, 0</Axis>
               <Max type="float">1.5707964</Max>
               <Min type="float">-1.5707964</Min>
               <Orientation type="Matrix">
                    1.0000000000, -87.422777e-09, -87.422777e-09,
                  -87.422777e-09,  -1.0000000000,  7.6427419e-15,
                  -87.422777e-09,   0.0000000000,  -1.0000000000
               </Orientation>
               <Position type="Vector">-0.038957998, -25.143894, 137.61623</Position>
            </HpTurret02>
            <HpTurret03>
               <Axis type="Vector">0, 1, 0</Axis>
               <Max type="float">1.5707964</Max>
               <Min type="float">-1.5707964</Min>
               <Orientation type="Matrix">
                   178.81393e-09,  -0.9999998800, -7.1054274e-15,
                   -0.9999998800,  59.604641e-09,  87.422769e-09,
                  -87.422769e-09,   0.0000000000,  -0.9999997600
               </Orientation>
               <Position type="Vector">-15.693963, -9.4390459, 137.27095</Position>
            </HpTurret03>
            <HpTurret04>
               <Axis type="Vector">0, 1, 0</Axis>
               <Max type="float">1.5707964</Max>
               <Min type="float">-1.5707964</Min>
               <Orientation type="Matrix">
                   178.81393e-09,   0.9999998800, -7.1054274e-15,
                    0.9999998800,  59.604641e-09, -87.422769e-09,
                  -87.422769e-09,   0.0000000000,  -0.9999997600
               </Orientation>
               <Position type="Vector">15.63006, -9.5042562, 137.39288</Position>
            </HpTurret04>
            <HpTurret05>
               <Axis type="Vector">0, 1, 0</Axis>
               <Max type="float">0.78539819</Max>
               <Min type="float">-0.78539819</Min>
               <Orientation type="Matrix">
                   89.406967e-09,  -0.9063077000,  -0.4226180900,
                  -89.406967e-09,   0.4226183000,  -0.9063077000,
                    0.9999998200, -29.802322e-09,  59.604645e-09
               </Orientation>
               <Position type="Vector">-29.321873, 2.6968031, 51.849224</Position>
            </HpTurret05>
            <HpTurret06>
               <Axis type="Vector">0, 1, 0</Axis>
               <Max type="float">0.78539819</Max>
               <Min type="float">-0.78539819</Min>
               <Orientation type="Matrix">
                   89.406967e-09,   0.9063077000,   0.4226180900,
                   89.406967e-09,   0.4226183000,  -0.9063077000,
                   -0.9999998200, -29.802322e-09,  59.604645e-09
               </Orientation>
               <Position type="Vector">29.327534, 2.65993, 51.836269</Position>
            </HpTurret06>
            <HpTurret07>
               <Axis type="Vector">0, 1, 0</Axis>
               <Max type="float">0.78539819</Max>
               <Min type="float">-0.78539819</Min>
               <Orientation type="Matrix">
                   119.20929e-09,  -0.9063077000,  -0.4226183300,
                  -89.406967e-09,  -0.4226182700,   0.9063077000,
                   -1.0000000000,   0.0000000000, -29.802322e-09
               </Orientation>
               <Position type="Vector">-29.334892, -21.603201, 51.817566</Position>
            </HpTurret07>
            <HpTurret08>
               <Axis type="Vector">0, 1, 0</Axis>
               <Max type="float">0.78539819</Max>
               <Min type="float">-0.78539819</Min>
               <Orientation type="Matrix">
                   119.20929e-09,   0.9063077000,   0.4226183300,
                   89.406967e-09,  -0.4226182700,   0.9063077000,
                    1.0000000000,   0.0000000000, -29.802322e-09
               </Orientation>
               <Position type="Vector">29.32975, -21.617558, 51.844921</Position>
            </HpTurret08>
            <HpTurret09>
               <Axis type="Vector">0, 1, 0</Axis>
               <Max type="float">0.78539819</Max>
               <Min type="float">-0.78539819</Min>
               <Orientation type="Matrix">
                   59.604645e-09,  -0.9396925600,  -0.3420200900,
                  -119.20929e-09,  -0.3420200900,   0.9396926200,
                   -1.0000000000,  29.802322e-09, -89.406967e-09
               </Orientation>
               <Position type="Vector">-32.862453, -23.029099, -37.333996</Position>
            </HpTurret09>
            <HpTurret10>
               <Axis type="Vector">0, 1, 0</Axis>
               <Max type="float">0.78539819</Max>
               <Min type="float">-0.78539819</Min>
               <Orientation type="Matrix">
                   59.604645e-09,   0.9396925600,   0.3420200900,
                   119.20929e-09,  -0.3420200900,   0.9396926200,
                    1.0000000000,  29.802322e-09, -89.406967e-09
               </Orientation>
               <Position type="Vector">32.866489, -23.029015, -37.326817</Position>
            </HpTurret10>
         </Revolute>
      </Hardpoints>
      <VMeshLibrary>
         <no_cruiser1.lod0-112.vms include="no_cruiser_3db\lod0-112.vms.xml"/>
      </VMeshLibrary>
      <VMeshPart>
         <VMeshRef type="VMeshRef">
            <!-- header size  --> 60,
            <!-- vmesh lib    --> no_cruiser1.lod0-112.vms,
            <!-- start vert   --> 0,
            <!-- num verts    --> 1615,
            <!-- start index  --> 0,
            <!-- num indices  --> 6828,
            <!-- start mesh   --> 0,
            <!-- num meshes   --> 3,
            <!-- bounding box -->  47.794998,  45.003292,  153.62216,
                                  -47.794998, -45.003292, -153.62216,
            <!-- center       -->   0,          0,           0,
            <!-- radius       --> 208.82643
         </VMeshRef>
      </VMeshPart>
   </UTF_ROOT>
</UTFXML>
